# Warning: using immediate writes here, thus this header might be
# inaccurate, should subsequent curve reordering or addition be performed.
# Only initially created curves are listed below, the dynamically added ones
# are not visible in this file.

# This time series data file has been written on 6/3/2019, at 0:26:40, on
# host note-dell.lsd.ufcg.edu.br (node: Sim-Diasca-Cloudish_scheduler-lsd-86413467-computing-node@note-dell.lsd.ufcg.edu.br).

# Probe name: 'Preemption Infra Manager 1'.
# Probe title: 'Requests received'.

# Associated meta-data:
# - version of the Common layer: 0.1
# - version of the WOOPER layer: 1.0
# - version of the Traces layer: 0.3
# - version of the Sim-Diasca engine: 2.2.11-rc1
# - name of the simulation case: Cloudish scheduler
# - tick duration (in virtual seconds): 1.000000


# First column corresponds to the abscissa, expressed in tick offsets.
# Next columns correspond to following curve names (in that order):
# - curve #1: 'TastId'
# - curve #2: 'HostId'

# No zone defined.

201  251 11
202  184 6
203  175 19
204  189 7
205  179 14
206  245 12
207  212 10
208  170 20
209  188 18
210  174 15
211  197 11
212  199 8
213  190 9
214  201 20
215  214 12
216  202 6
216  230 14
217  163 17
218  201 14
219  228 5
220  208 15
221  177 14
222  210 12
223  241 4
224  243 1
225  168 19
226  209 7
227  178 10
228  166 18
229  211 4
230  194 17
231  248 18
232  218 11
233  198 5
234  204 6
235  236 2
236  221 11
237  235 18
238  225 3
239  192 7
240  231 3
241  226 19
242  213 4
242  165 6
243  161 7
244  231 6
245  249 8
246  232 9
247  167 1
248  238 13
249  237 8
250  162 9
251  203 1
252  242 19
253  187 5
253  193 13
254  244 18
255  233 3
256  203 13
286  181 4
286  186 8
286  252 7
286  250 14
286  239 20
286  172 18
286  173 15
286  180 2
286  240 17
286  196 8
286  169 9
286  176 12
286  183 16
286  246 20
286  215 4
286  256 17
286  220 19
286  195 20
316  254 11
316  219 9
316  164 20
316  213 19
316  224 6
316  226 4
316  192 20
316  253 14
316  165 17
316  207 5
316  249 16
316  161 9
316  231 17
316  182 14
316  167 12
316  232 20
316  238 8
316  191 12
316  187 20
316  203 18
316  244 2
316  237 14
316  217 4
316  162 4
316  233 15
316  247 19
316  193 7
316  206 4
316  242 8
316  255 11
346  227 19
346  216 4
346  185 7
346  177 4
346  222 8
346  163 8
346  171 9
346  201 7
346  223 1
346  169 4
346  196 11
346  208 19
346  241 4
346  205 8
346  234 9
346  210 15
346  178 18
346  211 20
346  168 12
346  176 14
346  166 2
346  243 20
346  229 5
346  209 8
346  200 3
346  246 14
346  183 12
346  215 17
346  256 16
346  194 9
346  220 17
346  248 14
346  218 5
346  236 4
346  235 19
346  195 6
346  198 20
346  225 11
346  204 9
346  221 20
376  191 9
376  187 4
376  217 11
376  181 20
376  244 6
376  238 20
376  252 17
376  237 5
376  203 19
376  247 16
376  233 9
376  162 17
376  186 14
376  193 12
376  250 14
376  239 3
376  175 20
376  251 14
376  206 8
376  242 5
376  255 20
376  174 18
376  172 12
376  188 8
376  184 2
376  199 4
376  212 19
376  189 11
376  170 4
376  173 7
376  245 15
376  179 9
376  180 9
376  197 1
376  202 8
376  190 8
376  214 7
376  230 4
376  228 19
376  240 4
406  168 7
406  176 19
406  211 4
406  178 4
406  243 1
406  209 9
406  229 8
406  166 8
406  200 9
406  183 7
406  246 15
406  194 19
406  256 11
406  215 4
406  220 4
406  218 8
406  248 2
406  235 5
406  195 20
406  254 12
406  198 14
406  204 12
406  236 18
406  219 8
406  225 14
406  224 14
406  221 3
406  253 19
406  164 20
406  213 17
406  165 5
406  249 20
406  226 9
406  231 20
406  192 16
406  207 17
406  182 9
406  161 6
406  232 11
406  167 4
436  206 6
436  251 11
436  174 20
436  242 9
436  255 16
436  172 17
436  175 4
436  188 20
436  170 19
436  199 5
436  179 14
436  173 14
436  184 9
436  212 17
436  180 8
436  189 20
436  227 12
436  245 3
436  190 14
436  202 12
436  216 20
436  197 18
436  185 8
436  230 5
436  222 4
436  214 2
436  163 11
436  171 9
436  201 15
436  228 4
436  240 7
436  177 19
436  196 8
436  208 1
436  241 4
436  205 4
436  223 9
436  210 7
436  234 19
436  169 8
436  97 1
436  108 3
436  86 1
466  220 1
466  218 3
466  215 1
466  235 7
466  248 8
466  195 19
466  198 4
466  254 9
466  204 1
466  219 8
466  224 19
466  236 4
466  225 4
466  253 9
466  213 11
466  221 7
466  164 15
466  226 5
466  249 4
466  207 20
466  165 2
466  192 8
466  191 3
466  161 14
466  167 9
466  217 20
466  187 14
466  232 12
466  182 12
466  181 8
466  231 18
466  162 5
466  247 20
466  233 19
466  252 4
466  244 17
466  203 17
466  238 14
466  237 16
466  193 9
466  186 20
466  250 11
466  158 10
466  117 19
466  105 4
466  110 2
466  114 5
466  135 7
466  147 18
466  103 2
466  149 10
466  239 6
466  123 11
496  174 10
496  255 6
496  188 18
496  175 2
496  170 5
496  172 11
496  184 2
496  173 19
496  212 10
496  180 11
496  199 7
496  189 20
496  245 9
496  179 4
496  190 14
496  227 16
496  197 4
496  216 17
496  202 17
496  185 19
496  163 8
496  230 20
496  171 14
496  228 20
496  196 9
496  214 5
496  222 18
496  177 14
496  208 3
496  240 12
496  201 12
496  205 8
496  241 2
496  223 20
496  210 4
496  211 7
496  168 11
496  178 5
496  169 4
496  209 19
496  176 15
496  166 1
496  229 8
496  234 9
496  243 4
496  183 4
496  200 9
496  246 19
496  137 1
496  102 20
496  140 18
496  121 13
496  84 15
496  81 3
496  91 6
496  85 20
526  194 8
526  256 7
526  215 3
526  218 20
526  220 6
526  195 13
526  248 15
526  198 1
526  235 18
526  254 20
526  219 9
526  225 9
526  204 19
526  236 4
526  224 4
526  213 19
526  221 1
526  164 8
526  226 5
526  249 4
526  253 15
526  207 7
526  165 11
526  161 4
526  217 12
526  182 18
526  181 12
526  192 2
526  191 20
526  231 5
526  141 11
526  142 16
526  87 12
526  167 3
526  244 20
526  233 14
526  252 8
526  203 19
526  232 8
526  187 14
526  162 9
526  128 19
526  104 9
526  157 20
526  118 2
526  93 14
526  153 7
526  144 16
526  101 12
526  247 20
526  151 9
526  156 20
526  99 1
526  115 17
526  186 16
526  238 17
556  193 4
556  237 17
556  250 14
556  251 9
556  239 4
556  206 20
556  242 7
556  255 17
556  188 1
556  172 20
556  170 9
556  174 16
556  175 17
556  184 20
556  173 12
556  199 16
556  245 20
556  180 14
556  190 19
556  189 2
556  212 7
556  227 9
556  179 9
556  197 19
556  216 8
556  163 14
556  202 14
556  214 16
556  222 5
556  230 8
556  185 20
556  196 11
556  177 20
556  171 3
556  240 18
556  228 12
556  208 12
556  223 11
556  201 2
556  241 4
556  210 7
556  178 15
556  168 5
556  211 4
556  169 8
556  205 12
556  176 1
556  209 19
556  159 14
556  126 16
556  98 10
556  139 4
556  145 10
556  246 18
556  234 19
556  131 18
586  183 20
586  243 9
586  200 9
586  229 4
586  166 4
586  194 18
586  256 19
586  215 18
586  218 10
586  220 4
586  248 10
586  195 16
586  198 14
586  204 15
586  235 19
586  225 5
586  224 4
586  254 1
586  219 12
586  236 8
586  164 7
586  249 11
586  226 12
586  109 16
586  152 5
586  133 17
586  160 14
586  136 12
586  221 4
586  213 2
586  111 20
586  83 20
586  124 10
586  95 16
586  165 18
586  207 3
586  129 4
586  107 6
586  253 12
586  182 8
586  181 20
586  217 11
586  134 13
586  100 1
586  155 11
586  161 20
586  191 5
586  231 14
586  96 9
586  132 3
586  127 10
586  167 7
586  244 19
586  232 14
616  187 19
616  203 2
616  192 16
616  162 8
616  252 9
616  233 9
616  247 14
616  238 20
616  186 16
616  239 19
616  250 14
616  251 7
616  206 10
616  242 3
616  255 9
616  172 5
616  170 20
616  173 11
616  184 13
616  188 14
616  199 20
616  245 8
616  175 1
616  174 11
616  190 6
616  180 4
616  189 3
616  212 12
616  179 18
616  227 16
616  197 20
616  216 10
616  202 2
616  185 16
616  163 20
616  214 12
616  222 17
616  230 4
616  171 7
616  208 12
616  196 14
616  240 11
616  228 8
616  210 5
616  223 12
616  177 5
616  94 18
616  168 14
616  178 19
616  88 7
616  205 16
646  176 4
646  209 10
646  201 1
646  211 15
646  169 10
646  241 4
646  246 18
646  234 19
646  194 16
646  256 7
646  220 18
646  195 12
646  215 19
646  218 14
646  224 8
646  248 5
646  254 7
646  198 5
646  116 5
646  225 14
646  204 12
646  92 6
646  106 15
646  119 6
646  125 7
646  219 4
646  82 14
646  89 10
646  112 15
646  235 11
646  150 12
646  226 16
646  249 20
646  148 18
646  138 17
646  221 2
646  164 17
646  236 12
646  130 11
646  154 18
646  122 7
646  90 3
646  165 20
646  143 6
646  253 18
646  213 10
646  146 1
646  113 18
646  120 13
646  182 4
676  217 12
676  207 16
676  193 6
676  231 8
676  244 14
676  232 20
676  237 11
676  181 3
676  191 1
676  161 11
676  167 13
676  247 4
676  238 13
676  186 18
676  239 1
676  242 20
676  250 10
676  206 6
676  251 18
676  255 3
676  172 7
676  170 18
676  173 12
676  199 2
676  184 11
676  245 18
676  188 17
676  212 20
676  190 16
676  174 15
676  189 11
676  175 17
676  227 14
676  179 10
676  180 12
676  216 4
676  197 7
676  230 15
676  185 5
676  214 6
676  222 12
676  171 7
676  228 14
676  202 6
676  208 5
676  163 14
676  196 5
676  240 8
676  223 18
676  210 12
706  168 16
706  178 7
706  205 19
706  200 15
706  243 10
706  183 1
706  177 19
706  229 18
706  166 4
706  246 12
706  234 18
706  194 8
706  256 5
706  195 5
706  220 14
706  218 14
706  248 7
706  215 6
706  224 12
706  204 7
706  254 6
706  198 5
706  235 12
706  225 15
706  219 4
706  226 14
706  236 11
706  221 15
706  97 1
706  187 17
706  249 10
706  108 3
706  86 1
706  253 11
706  164 17
706  117 10
706  105 19
706  114 11
706  203 20
706  182 3
706  135 5
706  165 16
706  252 7
706  233 18
706  158 11
736  213 2
736  192 18
736  162 12
736  247 11
736  186 7
736  238 18
736  239 16
736  250 3
736  251 20
736  206 11
736  242 5
736  255 19
736  172 10
736  173 11
736  184 10
736  199 1
736  190 15
736  170 17
736  189 11
736  174 14
736  245 3
736  188 17
736  179 15
736  175 4
736  180 5
736  216 6
736  212 1
736  227 12
736  197 7
736  185 14
736  214 6
736  171 5
736  202 14
736  222 7
736  163 12
736  208 5
736  209 1
736  240 10
736  228 8
736  147 2
736  149 6
736  223 16
736  241 15
736  196 18
736  210 19
736  230 12
736  103 18
766  176 4
766  211 19
766  201 18
766  169 7
766  234 12
766  246 18
766  194 19
766  256 18
766  220 6
766  248 2
766  195 15
766  123 10
766  218 16
766  121 6
766  84 20
766  137 1
766  102 15
766  215 10
766  140 13
766  81 3
766  110 2
766  91 7
766  85 8
766  198 12
766  254 5
766  142 20
766  204 1
766  235 7
766  128 16
766  224 8
766  225 14
766  141 12
766  118 1
766  207 6
766  226 7
766  153 7
766  104 9
766  144 20
766  157 20
766  101 4
766  193 1
766  231 6
766  221 5
766  87 17
766  151 9
766  93 17
766  156 14
766  99 17
766  115 4
766  217 5
766  181 15
766  219 14
766  249 3
796  187 14
796  191 1
796  236 12
796  161 15
796  244 17
796  232 4
796  233 10
796  252 19
796  182 20
796  237 11
796  203 11
796  165 11
796  164 17
796  253 10
796  167 5
796  247 3
796  186 14
796  238 15
796  206 14
796  239 5
796  250 4
796  251 17
796  242 17
796  172 17
796  255 9
796  199 1
796  189 20
796  190 4
796  170 20
796  174 9
796  179 6
796  173 6
796  184 5
796  188 1
796  216 8
796  180 14
796  245 7
796  227 16
796  175 7
796  212 12
796  185 20
796  159 18
796  126 4
796  202 12
796  240 6
796  197 7
796  98 4
796  163 13
796  214 1
796  205 2
796  131 20
796  109 20
826  171 7
826  178 5
826  228 16
826  209 1
826  168 8
826  183 18
826  229 6
826  200 15
826  243 10
826  196 15
826  177 2
826  230 10
826  222 3
826  208 20
826  210 12
826  223 7
826  241 19
826  166 18
826  234 20
826  246 20
826  194 2
826  256 1
826  139 9
826  145 9
826  133 9
826  136 10
826  220 13
826  152 5
826  124 19
826  160 3
826  95 16
826  195 7
826  248 4
826  129 20
826  83 14
826  218 6
826  111 7
826  107 14
826  215 12
826  134 9
826  100 9
826  155 8
826  198 18
826  254 4
826  132 2
826  235 12
826  224 20
826  225 7
826  96 16
826  127 19
856  226 14
856  221 6
856  204 16
856  192 1
856  193 8
856  219 20
856  249 1
856  181 20
856  207 7
856  213 6
856  231 5
856  244 19
856  237 12
856  162 4
856  182 2
856  164 4
856  233 16
856  203 20
856  252 7
856  217 9
856  253 18
856  167 8
856  247 9
856  186 9
856  238 12
856  206 7
856  250 6
856  251 14
856  239 14
856  242 20
856  255 7
856  170 5
856  189 19
856  179 9
856  184 10
856  216 2
856  174 13
856  180 1
856  190 3
856  172 4
856  199 16
856  188 9
856  227 18
856  173 9
856  245 20
856  175 20
856  94 10
856  88 4
856  106 10
856  119 20
886  185 7
886  212 19
886  169 18
886  163 6
886  176 12
886  202 20
886  197 15
886  211 10
886  201 3
886  177 4
886  214 15
886  222 10
886  183 9
886  243 20
886  205 10
886  200 20
886  240 2
886  241 16
886  166 9
886  196 20
886  229 10
886  208 18
886  210 4
886  223 3
886  246 13
886  234 1
886  194 2
886  256 10
886  116 18
886  125 1
886  82 18
886  92 6
886  112 4
886  150 13
886  89 13
886  148 11
886  138 1
886  220 9
886  122 20
886  90 14
886  195 5
886  143 8
886  130 3
886  154 11
886  146 6
886  215 20
886  248 19
886  113 16
886  120 12
916  254 14
916  218 7
916  198 14
916  161 9
916  236 7
916  232 9
916  165 7
916  224 12
916  213 20
916  225 18
916  191 9
916  235 8
916  187 6
916  231 19
916  162 6
916  249 16
916  219 12
916  237 3
916  252 9
916  217 14
916  244 11
916  233 20
916  182 8
916  203 1
916  164 5
916  167 13
916  253 11
916  247 13
916  206 18
916  238 6
916  186 4
916  250 1
916  251 10
916  242 2
916  239 18
916  170 3
916  189 13
916  190 20
916  255 1
916  184 4
916  227 9
916  188 15
916  175 10
916  179 18
916  173 10
916  180 16
916  228 20
946  216 2
946  199 10
946  174 20
946  168 3
946  172 9
946  230 12
946  245 20
946  171 15
946  178 4
946  209 10
946  200 15
946  205 20
946  243 10
946  177 18
946  240 4
946  196 1
946  214 16
946  222 10
946  183 9
946  229 20
946  210 2
946  241 3
946  166 13
946  223 10
946  208 18
946  246 1
946  234 4
946  194 6
946  256 18
946  220 13
946  195 11
946  226 13
946  221 20
946  192 8
946  193 1
946  207 3
946  181 9
946  215 14
946  204 11
976  248 5
976  237 11
976  203 8
976  233 3
976  182 20
976  252 1
976  244 9
976  253 13
976  164 13
976  167 11
976  217 14
976  247 18
976  206 6
976  186 1
976  251 10
976  242 13
976  238 4
976  250 18
976  97 3
976  108 16
976  239 3
976  86 18
976  114 12
976  158 2
976  117 7
976  105 11
976  190 10
976  189 16
976  170 2
976  175 4
976  227 15
976  184 10
976  188 15
976  185 20
976  163 18
976  173 10
976  180 3
976  212 9
976  228 2
976  197 10
976  211 20
976  255 1
976  176 20
1006  169 4
1006  179 20
1006  201 9
1006  202 12
1006  200 20
1006  240 1
1006  183 9
1006  214 20
1006  241 18
1006  229 3
1006  222 2
1006  196 10
1006  166 10
1006  208 10
1006  223 15
1006  210 20
1006  246 15
1006  234 4
1006  194 2
1006  135 18
1006  147 18
1006  149 19
1006  123 9
1006  121 17
1006  103 4
1006  81 14
1006  110 15
1006  91 14
1006  84 17
1006  137 17
1006  102 4
1006  256 16
1006  254 10
1006  220 2
1006  198 11
1006  161 3
1006  218 7
1006  232 16
1006  226 18
1006  224 13
1006  235 1
1006  213 11
1006  221 18
1006  195 18
1006  236 12
1006  187 9
1006  192 6
1006  204 20
1006  191 10
1006  193 4
1006  215 3
1006  249 5
1006  162 8
1006  165 3
1036  207 13
1036  181 13
1036  231 1
1036  225 14
1036  219 11
1036  233 3
1036  182 5
1036  203 8
1036  164 10
1036  253 20
1036  244 3
1036  247 9
1036  252 4
1036  217 6
1036  167 12
1036  206 18
1036  186 18
1036  251 11
1036  85 3
1036  128 10
1036  140 5
1036  142 5
1036  250 18
1036  141 17
1036  153 11
1036  118 11
1036  87 4
1036  238 13
1036  242 1
1036  239 16
1036  168 11
1036  216 2
1036  174 10
1036  245 4
1036  230 16
1036  189 15
1036  190 17
1036  172 3
1036  178 17
1036  199 7
1036  175 17
1036  227 18
1036  184 19
1036  163 9
1036  176 15
1036  228 2
1036  171 4
1036  255 10
1036  209 14
1036  170 14
1036  212 20
1066  243 20
1066  173 2
1066  188 4
1066  185 18
1066  177 18
1066  211 10
1066  197 10
1066  180 15
1066  205 3
1066  240 20
1066  214 14
1066  241 9
1066  183 14
1066  229 2
1066  166 15
1066  222 4
1066  208 19
1066  210 18
1066  223 17
1066  234 17
1066  246 7
1066  196 10
1066  151 17
1066  93 15
1066  156 12
1066  104 11
1066  144 20
1066  99 1
1066  157 19
1066  101 10
1066  159 8
1066  126 1
1066  98 16
1066  115 14
1066  131 5
1066  139 20
1066  133 4
1066  194 3
1066  256 17
1066  254 15
1066  198 16
1066  226 16
1066  218 11
1066  220 4
1066  195 4
1066  248 13
1066  161 10
1066  236 1
1066  235 11
1066  224 11
1066  213 18
1096  187 5
1096  232 2
1096  193 5
1096  191 10
1096  215 18
1096  204 11
1096  221 17
1096  162 12
1096  249 6
1096  165 18
1096  192 3
1096  237 4
1096  233 18
1096  182 11
1096  203 11
1096  253 10
1096  164 1
1096  244 13
1096  252 4
1096  247 4
1096  167 16
1096  109 7
1096  152 4
1096  145 16
1096  217 11
1096  95 19
1096  160 5
1096  136 2
1096  129 6
1096  186 15
1096  83 7
1096  124 12
1096  206 16
1096  111 20
1096  250 3
1096  251 17
1096  238 20
1096  174 1
1096  242 4
1096  168 14
1096  216 16
1096  245 10
1096  239 5
1096  179 19
1096  230 8
1096  178 20
1096  199 11
1096  190 12
1126  202 15
1126  201 10
1126  169 1
1126  175 17
1126  184 18
1126  163 17
1126  176 4
1126  172 17
1126  189 7
1126  209 2
1126  228 20
1126  255 9
1126  171 14
1126  227 19
1126  200 3
1126  212 15
1126  170 14
1126  240 11
1126  241 8
1126  214 20
1126  205 12
1126  229 10
1126  222 5
1126  183 19
1126  166 16
1126  223 1
1126  210 4
1126  208 14
1126  246 20
1126  134 20
1126  107 1
1126  100 8
1126  155 1
1126  132 16
1126  234 17
1126  94 6
1126  96 6
1126  196 3
1126  194 20
1126  256 16
1126  254 12
1126  220 19
1126  226 5
1126  198 7
1126  218 2
1156  225 13
1156  213 1
1156  235 4
1156  231 4
1156  195 4
1156  161 16
1156  236 11
1156  219 10
1156  207 6
1156  181 15
1156  224 7
1156  248 16
1156  237 2
1156  233 7
1156  182 5
1156  164 12
1156  253 16
1156  127 14
1156  203 19
1156  116 16
1156  82 6
1156  92 19
1156  88 18
1156  106 19
1156  112 6
1156  119 7
1156  125 12
1156  150 8
1156  89 9
1156  252 6
1156  167 6
1156  244 20
1156  247 3
1156  186 16
1156  206 1
1156  217 17
1156  250 8
1156  251 1
1156  242 20
1156  238 20
1156  216 4
1186  185 12
1186  179 8
1186  239 19
1186  243 20
1186  230 16
1186  173 11
1186  211 9
1186  190 19
1186  174 1
1186  178 15
1186  180 14
1186  168 14
1186  245 5
1186  177 10
1186  188 14
1186  199 3
1186  197 20
1186  212 4
1186  170 20
1186  241 17
1186  214 8
1186  240 20
1186  222 1
1186  183 3
1186  205 1
1186  138 20
1186  223 6
1186  166 20
1186  210 6
1186  229 16
1186  148 18
1186  208 9
1186  90 7
1186  130 7
1186  154 9
1186  122 12
1186  146 14
1186  234 12
1186  196 7
1186  246 8
1186  194 6
1186  256 19
1186  232 19
1186  254 18
1216  204 16
1216  215 12
1216  191 19
1216  193 16
1216  198 2
1216  187 6
1216  226 15
1216  218 16
1216  221 14
1216  249 7
1216  165 5
1216  162 7
1216  220 6
1216  237 18
1216  192 10
1216  113 7
1216  143 9
1216  120 14
1216  182 19
1216  253 8
1216  164 6
1216  233 19
1216  203 7
1216  252 12
1216  167 14
1216  244 12
1216  247 9
1216  186 7
1216  217 7
1216  206 9
1216  251 16
1216  250 18
1216  202 6
1216  201 20
1216  169 3
1216  163 20
1216  216 14
1216  255 20
1216  172 17
1246  176 1
1246  171 3
1246  228 10
1246  242 20
1246  227 14
1246  200 5
1246  175 6
1246  184 1
1246  238 8
1246  209 20
1246  189 4
1246  170 20
1246  212 17
1246  241 20
1246  214 14
1246  222 6
1246  240 3
1246  210 7
1246  166 9
1246  229 16
1246  205 20
1246  183 18
1246  208 9
1246  223 7
1246  234 12
1246  196 14
1246  246 12
1246  194 7
1246  256 19
1246  213 10
1246  195 8
1246  235 14
1246  161 19
1246  225 7
1246  236 6
1246  254 7
1246  232 18
1246  181 6
1246  219 7
1246  248 14
1246  224 16
1246  231 9
1246  207 5
1276  97 9
1276  108 1
1276  192 9
1276  237 5
1276  182 16
1276  164 14
1276  253 7
1276  233 6
1276  203 18
1276  167 19
1276  244 7
1276  186 14
1276  252 7
1276  247 6
1276  206 10
1276  217 8
1276  243 14
1276  230 19
1276  251 12
1276  239 7
1276  185 12
1276  179 7
1276  202 16
1276  250 14
1276  180 7
1276  168 6
1276  177 4
1276  188 8
1276  245 20
1276  169 20
1276  173 9
1276  255 5
1276  197 20
1276  199 1
1276  216 14
1276  190 20
1276  163 17
1276  178 18
1276  172 6
1276  211 3
1276  201 9
1276  174 20
1306  86 20
1306  117 20
1306  105 4
1306  114 12
1306  135 9
1306  158 9
1306  147 3
1306  123 10
1306  241 20
1306  222 9
1306  229 18
1306  166 17
1306  183 20
1306  205 6
1306  208 1
1306  240 3
1306  223 20
1306  210 14
1306  234 5
1306  196 9
1306  246 20
1306  194 20
1306  215 7
1306  193 8
1306  161 14
1306  187 12
1306  236 12
1306  225 6
1306  256 14
1306  191 4
1306  204 6
1306  221 10
1306  226 7
1306  162 6
1306  219 7
1306  254 19
1306  165 18
1306  218 7
1306  249 14
1306  232 14
1306  220 16
1306  198 16
1306  195 19
1306  213 7
1306  181 7
1306  207 9
1306  235 8
1306  224 9
1306  231 1
1306  248 5
1336  103 5
1336  149 20
1336  81 3
1336  110 11
1336  121 8
1336  91 1
1336  137 13
1336  102 13
1336  84 14
1336  203 5
1336  186 8
1336  252 7
1336  244 1
1336  206 7
1336  217 19
1336  247 9
1336  167 9
1336  171 14
1336  175 18
1336  239 19
1336  179 6
1336  243 7
1336  227 14
1336  230 7
1336  169 14
1336  184 7
1336  251 10
1336  242 16
1336  209 8
1336  189 7
1336  228 14
1336  176 16
1336  245 20
1336  188 20
1336  185 6
1336  200 4
1336  173 5
1336  250 20
1336  202 12
1336  255 6
1336  211 3
1336  180 12
1336  168 14
1336  197 17
1336  199 3
1336  238 6
1336  163 18
1336  177 9
1336  178 9
1336  190 1
1336  216 20
1336  174 9
1336  172 20
1336  170 9
1336  201 10
1336  212 12
1366  128 10
1366  140 10
1366  85 15
1366  141 18
1366  153 4
1366  142 18
1366  118 2
1366  87 20
1366  151 11
1366  93 11
1366  156 18
1366  99 4
1366  104 3
1366  157 6
1366  214 4
1366  241 12
1366  222 10
1366  229 20
1366  166 9
1366  240 9
1366  208 1
1366  223 18
1366  183 20
1366  210 9
1366  205 9
1366  234 6
1366  196 3
1366  246 17
1366  194 14
1366  215 6
1366  187 12
1366  221 4
1366  191 5
1366  256 20
1366  161 3
1366  236 20
1366  225 6
1366  254 14
1366  249 14
1366  219 16
1366  198 10
1366  162 8
1366  218 7
1366  220 14
1366  165 7
1366  213 6
1366  204 20
1366  193 12
1366  226 7
1366  207 18
1366  232 16
1366  235 9
1366  195 7
1366  224 14
1366  181 19
1366  231 9
1396  159 17
1396  126 11
1396  144 18
1396  98 18
1396  101 12
1396  131 5
1396  115 10
1396  133 5
1396  109 2
1396  139 2
1396  160 17
1396  192 7
1396  248 19
1396  182 7
1396  237 1
1396  253 5
1396  233 14
1396  164 8
1396  203 9
1396  186 19
1396  244 14
1396  252 7
1396  167 7
1396  206 9
1396  247 18
1396  171 12
1396  179 10
1396  243 7
1396  175 6
1396  188 14
1396  184 14
1396  251 8
1396  217 16
1396  228 20
1396  242 6
1396  189 3
1396  176 14
1396  245 5
1396  185 4
1396  239 7
1396  227 16
1396  230 20
1396  173 6
1396  169 14
1396  211 9
1396  180 9
1396  209 20
1396  168 20
1396  202 6
1396  200 12
1396  177 20
1396  190 12
1396  216 4
1396  250 18
1396  238 3
1396  199 17
1426  129 17
1426  152 7
1426  145 17
1426  83 1
1426  95 4
1426  136 18
1426  111 15
1426  124 10
1426  134 11
1426  163 9
1426  100 4
1426  155 4
1426  178 10
1426  255 1
1426  197 9
1426  201 3
1426  170 4
1426  212 11
1426  172 6
1426  174 18
1426  214 17
1426  241 3
1426  222 18
1426  166 12
1426  229 4
1426  240 12
1426  210 20
1426  183 20
1426  208 20
1426  223 9
1426  205 6
1426  234 9
1426  196 14
1426  246 6
1426  194 20
1426  215 16
1426  187 7
1426  191 14
1426  225 6
1426  221 3
1426  236 4
1426  161 5
1426  162 14
1426  165 8
1426  220 12
1426  218 7
1426  256 20
1426  193 18
1426  204 9
1426  198 6
1426  249 10
1426  254 16
1426  226 19
1426  219 14
1426  213 7
1456  132 4
1456  107 16
1456  96 13
1456  94 1
1456  127 14
1456  195 9
1456  224 8
1456  235 14
1456  232 7
1456  181 5
1456  231 1
1456  207 14
1456  248 7
1456  237 14
1456  253 16
1456  233 10
1456  182 19
1456  164 6
1456  244 20
1456  203 9
1456  186 18
1456  206 14
1456  171 5
1456  243 14
1456  167 8
1456  184 6
1456  188 20
1456  175 3
1456  179 16
1456  251 7
1456  252 12
1456  217 4
1456  247 7
1456  189 9
1456  228 6
1456  242 14
1456  176 6
1456  245 20
1456  185 20
1456  227 12
1456  211 17
1456  202 18
1456  180 3
1456  200 4
1456  177 11
1456  173 4
1456  230 9
1456  239 20
1456  169 12
1486  92 9
1486  106 11
1486  119 20
1486  116 15
1486  150 8
1486  82 1
1486  89 12
1486  112 16
1486  125 19
1486  88 19
1486  138 15
1486  238 9
1486  168 18
1486  209 6
1486  250 10
1486  199 3
1486  190 1
1486  216 4
1486  174 20
1486  170 12
1486  214 9
1486  241 4
1486  240 18
1486  229 4
1486  166 3
1486  210 12
1486  208 20
1486  183 17
1486  205 20
1486  223 6
1486  222 11
1486  196 6
1486  234 14
1486  246 9
1486  215 4
1486  194 7
1486  187 12
1486  191 3
1486  225 6
1486  161 16
1486  236 7
1486  218 5
1486  165 8
1486  221 20
1486  204 9
1486  193 18
1486  226 14
1486  219 19
1486  220 14
1486  162 14
1516  148 6
1516  122 12
1516  90 2
1516  130 16
1516  154 19
1516  146 16
1516  113 3
1516  256 20
1516  192 7
1516  213 14
1516  254 6
1516  249 16
1516  198 10
1516  207 14
1516  248 14
1516  237 19
1516  233 18
1516  182 9
1516  164 20
1516  253 14
1516  244 8
1516  203 5
1516  175 12
1516  186 7
1516  247 9
1516  188 20
1516  206 16
1516  217 3
1516  243 4
1516  167 11
1516  251 6
1516  179 6
1516  171 6
1516  189 12
1516  242 20
1516  176 17
1516  252 14
1516  245 18
1516  184 7
1516  255 10
1516  201 4
1516  180 1
1516  228 3
1516  211 3
1516  197 6
1516  239 9
1516  230 18
1516  185 4
1516  163 4
1516  200 19
1546  143 10
1546  120 1
1546  172 1
1546  212 12
1546  178 12
1546  169 16
1546  177 15
1546  173 19
1546  202 20
1546  227 9
1546  174 4
1546  216 19
1546  170 4
1546  214 18
1546  240 6
1546  229 3
1546  166 3
1546  241 9
1546  208 4
1546  210 1
1546  183 10
1546  223 14
1546  222 18
1546  205 7
1546  196 17
1546  234 20
1546  215 6
1546  246 12
1546  224 3
1546  225 7
1546  161 16
1546  195 4
1546  194 6
1546  165 8
1546  187 6
1546  218 14
1546  232 12
1546  236 11
1546  235 9
1546  204 18
1546  193 20
1546  221 9
1546  191 20
1546  162 19
1546  226 14
1546  181 5
1546  220 10
1546  219 14
1576  231 16
1576  237 10
1576  182 5
1576  164 14
1576  233 14
1576  253 19
1576  203 9
1576  244 20
1576  251 14
1576  206 6
1576  243 11
1576  167 6
1576  188 4
1576  247 12
1576  176 16
1576  168 12
1576  209 6
1576  186 18
1576  171 17
1576  189 20
1576  242 7
1576  245 7
1576  184 18
1576  217 9
1576  175 20
1576  197 18
1576  238 3
1576  228 4
1576  211 3
1576  180 9
1576  230 19
1576  185 20
1576  179 8
1576  239 4
1576  190 1
1576  201 4
1576  250 3
1576  199 10
1576  252 14
1576  200 19
1576  163 9
1576  255 6
1606  97 20
1606  108 20
1606  241 9
1606  208 19
1606  210 10
1606  205 3
1606  166 6
1606  183 14
1606  222 4
1606  223 1
1606  196 4
1606  234 8
1606  215 20
1606  193 16
1606  161 4
1606  224 3
1606  246 19
1606  225 18
1606  192 3
1606  249 18
1606  232 18
1606  194 20
1606  187 6
1606  256 20
1606  213 9
1606  235 4
1606  191 12
1606  195 9
1606  226 9
1606  218 17
1606  254 7
1606  198 20
1606  181 6
1606  236 12
1606  204 11
1606  221 6
1606  220 14
1606  219 14
1606  207 19
1606  162 14
1606  165 7
1606  248 5
1636  117 13
1636  86 13
1636  135 11
1636  105 1
1636  147 20
1636  114 8
1636  158 3
1636  103 11
1636  123 5
1636  242 19
1636  212 14
1636  209 11
1636  171 6
1636  178 5
1636  168 6
1636  186 14
1636  184 9
1636  217 20
1636  173 12
1636  245 17
1636  211 20
1636  172 14
1636  176 7
1636  174 4
1636  202 20
1636  197 18
1636  189 12
1636  175 7
1636  177 9
1636  239 18
1636  227 4
1636  179 3
1636  169 4
1636  185 19
1636  250 4
1636  228 18
1636  238 9
1636  180 6
1636  190 20
1636  252 6
1636  230 3
1636  255 10
1636  216 1
1636  199 16
1636  200 3
1636  163 14
1636  201 8
1636  170 19
1636  214 9
1636  229 20
1636  240 20
1666  81 2
1666  110 4
1666  149 20
1666  91 18
1666  137 15
1666  102 10
1666  121 18
1666  128 7
1666  140 19
1666  84 10
1666  183 20
1666  166 20
1666  223 9
1666  196 19
1666  234 8
1666  215 14
1666  161 1
1666  193 3
1666  192 10
1666  232 20
1666  187 18
1666  194 6
1666  224 16
1666  225 3
1666  213 4
1666  191 19
1666  218 12
1666  254 9
1666  249 9
1666  204 14
1666  235 4
1666  256 3
1666  246 6
1666  221 7
1666  195 4
1666  207 12
1666  198 7
1666  219 20
1666  165 20
1666  226 18
1666  181 18
1666  231 4
1666  236 20
1666  162 17
1666  220 9
1666  248 14
1666  182 5
1666  164 6
1666  237 6
1666  233 11
1666  253 14
1666  203 5
1666  244 19
1666  243 11
1666  247 3
1696  85 7
1696  153 2
1696  87 10
1696  126 9
1696  93 12
1696  156 18
1696  141 17
1696  142 2
1696  99 18
1696  118 5
1696  159 4
1696  151 5
1696  157 17
1696  167 20
1696  251 8
1696  206 1
1696  188 11
1696  171 11
1696  186 19
1696  168 5
1696  212 3
1696  173 14
1696  245 6
1696  184 5
1696  217 6
1696  174 20
1696  242 11
1696  189 18
1696  209 14
1696  172 20
1696  202 17
1696  175 20
1696  177 12
1696  227 6
1696  179 7
1696  228 12
1696  176 9
1696  211 4
1696  197 18
1696  169 3
1696  239 7
1696  185 4
1696  230 19
1696  250 9
1696  190 14
1696  216 6
1696  180 9
1696  200 20
1696  252 4
1696  238 4
1696  201 10
1696  170 3
1696  163 18
1696  199 3
1696  255 16
1696  214 1
1726  131 18
1726  104 11
1726  98 11
1726  144 10
1726  101 15
1726  109 17
1726  115 4
1726  133 1
1726  160 17
1726  129 1
1726  152 5
1726  139 7
1726  145 7
1726  95 8
1726  229 14
1726  208 19
1726  241 8
1726  240 20
1726  210 9
1726  222 10
1726  205 20
1726  166 1
1726  183 16
1726  196 18
1726  223 3
1726  234 3
1726  215 10
1726  161 4
1726  194 6
1726  225 4
1726  192 20
1726  224 9
1726  191 19
1726  193 4
1726  249 4
1726  187 14
1726  254 3
1726  232 9
1726  204 6
1726  246 20
1726  256 12
1726  235 12
1726  213 7
1726  181 17
1726  219 18
1726  165 20
1726  218 18
1726  236 6
1726  195 9
1726  221 7
1726  198 11
1726  207 14
1726  226 20
1726  162 6
1726  231 5
1726  248 3
1756  111 14
1756  83 14
1756  124 1
1756  136 9
1756  107 15
1756  155 4
1756  134 13
1756  132 8
1756  100 16
1756  220 14
1756  182 5
1756  164 19
1756  237 11
1756  233 11
1756  253 1
1756  244 20
1756  203 8
1756  247 5
1756  178 4
1756  167 5
1756  206 6
1756  243 17
1756  188 20
1756  212 14
1756  171 9
1756  186 11
1756  168 7
1756  184 20
1756  251 3
1756  245 18
1756  202 7
1756  172 12
1756  175 9
1756  227 4
1756  173 18
1756  217 6
1756  174 6
1756  211 19
1756  209 12
1756  242 17
1756  169 10
1756  177 3
1756  185 4
1756  179 14
1756  250 18
1756  228 20
1756  197 9
1756  190 3
1756  238 10
1756  189 20
1756  176 4
1756  239 6
1756  230 4
1756  252 1
1756  216 16
1756  180 3
1786  96 20
1786  127 9
1786  94 11
1786  106 14
1786  163 8
1786  200 20
1786  201 9
1786  170 20
1786  199 19
1786  255 14
1786  214 8
1786  229 3
1786  208 16
1786  240 4
1786  241 1
1786  210 20
1786  205 6
1786  222 4
1786  166 10
1786  183 3
1786  223 20
1786  196 9
1786  234 18
1786  215 14
1786  161 4
1786  191 12
1786  249 4
1786  254 18
1786  187 9
1786  232 6
1786  194 3
1786  193 10
1786  225 6
1786  192 19
1786  256 18
1786  224 17
1786  213 20
1786  165 11
1786  218 14
1786  219 9
1786  181 7
1786  246 3
1786  221 6
1786  204 7
1786  195 17
1786  207 4
1786  162 5
1786  235 12
1786  236 20
1786  198 5
1786  226 8
1786  231 1
1786  248 20
1816  150 3
1816  82 16
1816  89 19
1816  112 16
1816  119 7
1816  116 20
1816  88 12
1816  92 6
1816  138 6
1816  125 2
1816  233 20
1816  237 1
1816  253 8
1816  203 20
1816  244 5
1816  178 5
1816  206 7
1816  247 12
1816  243 4
1816  167 17
1816  186 7
1816  212 3
1816  188 6
1816  245 11
1816  251 17
1816  202 18
1816  168 9
1816  171 14
1816  172 19
1816  173 6
1816  184 20
1816  175 10
1816  227 3
1816  209 4
1816  211 18
1816  242 9
1816  217 6
1816  252 3
1816  169 9
1816  250 6
1816  228 1
1816  238 3
1816  189 4
1816  176 20
1816  239 16
1816  177 4
1816  185 14
1816  179 18
1816  216 14
1816  174 12
1846  90 12
1846  148 15
1846  122 16
1846  146 1
1846  113 10
1846  130 12
1846  154 1
1846  190 10
1846  180 8
1846  197 20
1846  230 4
1846  214 12
1846  229 14
1846  208 18
1846  241 4
1846  240 14
1846  210 16
1846  222 4
1846  205 20
1846  183 1
1846  166 3
1846  223 6
1846  215 6
1846  234 3
1846  196 9
1846  191 18
1846  161 9
1846  256 17
1846  225 18
1846  193 19
1846  224 14
1846  249 20
1846  232 4
1846  182 1
1846  194 10
1846  187 6
1846  181 6
1846  254 3
1846  165 3
1846  192 9
1846  213 11
1846  221 7
1846  246 5
1846  204 5
1846  219 7
1846  218 17
1846  226 12
1846  162 20
1846  220 4
1846  235 6
1846  236 2
1846  195 12
1846  164 20
1846  207 8
1846  231 7
1876  143 10
1876  120 16
1876  198 6
1876  248 20
1876  237 7
1876  253 8
1876  244 20
1876  203 12
1876  247 6
1876  206 4
1876  178 2
1876  167 12
1876  186 7
1876  212 17
1876  251 5
1876  243 20
1876  202 11
1876  171 3
1876  168 3
1876  184 6
1876  188 7
1876  175 6
1876  173 1
1876  172 9
1876  209 14
1876  242 4
1876  252 17
1876  217 19
1876  227 10
1876  245 5
1876  200 9
1876  163 18
1876  201 6
1876  211 20
1876  170 20
1876  250 1
1876  199 3
1876  176 9
1876  189 3
1876  179 18
1876  177 14
1876  169 18
1876  185 4
1876  238 6
1876  255 14
1876  216 12
1876  228 4
1876  239 16
1876  174 4
1906  241 4
1906  240 16
1906  210 4
1906  222 14
1906  205 12
1906  183 6
1906  166 4
1906  223 18
1906  215 14
1906  234 18
1906  161 9
1906  191 3
1906  196 3
1906  256 6
1906  225 20
1906  193 1
1906  224 20
1906  249 17
1906  165 10
1906  194 19
1906  182 14
1906  254 5
1906  187 4
1906  246 7
1906  192 9
1906  204 6
1906  181 9
1906  219 3
1906  232 18
1906  162 3
1906  220 5
1906  164 17
1906  213 6
1906  236 7
1906  221 1
1906  235 2
1906  218 11
1906  207 4
1906  226 20
1906  195 12
1906  231 6
1906  233 12
1936  97 13
1936  117 19
1936  108 13
1936  202 12
1936  168 6
1936  171 12
1936  175 20
1936  173 11
1936  184 4
1936  188 2
1936  242 1
1936  200 6
1936  252 9
1936  163 18
1936  209 5
1936  211 14
1936  172 6
1936  250 10
1936  189 19
1936  201 5
1936  190 7
1936  176 7
1936  199 4
1936  180 17
1936  185 20
1936  227 9
1936  245 3
1936  217 3
1936  179 6
1936  228 14
1936  238 3
1936  170 17
1936  255 9
1936  197 20
1936  230 18
1936  169 3
1936  214 4
1936  177 1
1936  174 12
1936  216 18
1936  239 6
1936  229 14
1936  208 4
1966  105 10
1966  147 15
1966  86 7
1966  114 18
1966  135 18
1966  158 20
1966  123 2
1966  103 4
1966  149 17
1966  91 2
1966  254 12
1966  182 20
1966  165 1
1966  187 18
1966  192 9
1966  224 14
1966  256 18
1966  204 17
1966  246 3
1966  225 6
1966  193 4
1966  198 9
1966  194 4
1966  207 10
1966  249 3
1966  220 20
1966  162 3
1966  213 19
1966  164 17
1966  236 4
1966  248 7
1966  235 7
1966  181 6
1966  232 14
1966  221 5
1966  195 5
1966  218 6
1966  219 3
1966  237 18
1966  226 14
1966  231 9
1966  233 6
1966  253 1
1966  244 2
1966  203 4
1966  206 20
1966  178 12
1966  167 6
1966  247 11
1966  186 13
1966  243 19
1966  212 12
1996  81 5
1996  110 18
1996  137 18
1996  102 12
1996  140 2
1996  121 9
1996  85 7
1996  128 10
1996  153 7
1996  84 7
1996  251 13
1996  184 12
1996  188 13
1996  242 11
1996  163 6
1996  173 19
1996  200 20
1996  180 14
1996  176 4
1996  199 2
1996  190 1
1996  209 3
1996  189 6
1996  172 6
1996  252 12
1996  179 7
1996  185 6
1996  245 14
1996  211 18
1996  201 9
1996  170 17
1996  228 20
1996  197 3
1996  250 5
1996  238 4
1996  177 4
1996  214 10
1996  227 7
1996  169 9
1996  217 5
1996  230 3
1996  174 6
1996  255 19
1996  216 4
1996  239 3
1996  229 17
1996  208 18
1996  241 14
1996  222 20
1996  210 18
1996  240 9
1996  205 1
1996  183 12
1996  166 2
1996  223 17
1996  215 4
2026  126 1
2026  156 1
2026  99 17
2026  142 15
2026  87 5
2026  151 11
2026  93 17
2026  141 4
2026  157 18
2026  118 10
2026  159 11
2026  131 11
2026  161 20
2026  191 18
2026  234 2
2026  196 18
2026  254 4
2026  204 14
2026  256 18
2026  246 17
2026  192 18
2026  225 20
2026  165 17
2026  220 5
2026  198 6
2026  187 2
2026  207 4
2026  193 1
2026  224 9
2026  164 9
2026  235 4
2026  249 3
2026  162 3
2026  194 19
2026  182 12
2026  213 4
2026  236 7
2026  221 17
2026  248 10
2026  195 20
2026  218 18
2026  237 6
2026  181 3
2026  232 5
2026  226 14
2026  231 7
2026  219 9
2026  233 12
2026  203 3
2026  244 6
2026  253 6
2026  178 2
2026  206 1
2026  186 20
2026  167 14
2056  109 16
2056  104 19
2056  144 5
2056  115 8
2056  101 14
2056  152 9
2056  139 1
2056  145 14
2056  133 13
2056  160 4
2056  95 14
2056  129 15
2056  98 11
2056  124 9
2056  243 19
2056  247 4
2056  202 11
2056  171 12
2056  168 13
2056  212 6
2056  175 13
2056  184 14
2056  188 20
2056  242 1
2056  172 7
2056  163 2
2056  200 6
2056  199 12
2056  180 14
2056  190 9
2056  189 3
2056  176 3
2056  245 6
2056  185 18
2056  252 20
2056  211 4
2056  228 3
2056  209 5
2056  238 17
2056  179 10
2056  230 4
2056  227 4
2056  173 6
2056  214 9
2056  197 3
2056  250 12
2056  174 17
2056  170 19
2056  217 9
2056  177 1
2056  169 2
2056  201 7
2056  255 6
2056  216 5
2056  239 20
2056  208 17
2086  155 14
2086  83 20
2086  136 20
2086  134 11
2086  111 19
2086  107 8
2086  132 9
2086  100 20
2086  96 16
2086  229 18
2086  222 18
2086  241 14
2086  240 18
2086  210 4
2086  205 2
2086  183 18
2086  166 20
2086  223 11
2086  215 11
2086  191 20
2086  234 5
2086  196 6
2086  161 17
2086  254 7
2086  256 19
2086  204 9
2086  246 17
2086  165 12
2086  187 6
2086  220 4
2086  198 9
2086  235 5
2086  224 17
2086  192 2
2086  225 1
2086  207 3
2086  249 20
2086  182 18
2086  193 10
2086  221 9
2086  164 4
2086  248 3
2086  195 3
2086  232 12
2086  237 1
2086  226 7
2086  231 20
2086  236 6
2086  213 14
2086  219 14
2086  194 4
2086  218 2
2086  181 6
2086  162 3
2086  233 13
2086  203 13
2116  127 19
2116  94 16
2116  106 3
2116  150 20
2116  82 8
2116  89 10
2116  244 6
2116  253 12
2116  186 9
2116  178 11
2116  247 13
2116  243 13
2116  206 19
2116  251 4
2116  171 4
2116  168 2
2116  212 3
2116  202 6
2116  175 14
2116  167 11
2116  184 14
2116  172 7
2116  188 6
2116  200 12
2116  180 9
2116  176 3
2116  228 5
2116  189 10
2116  242 20
2116  163 1
2116  238 1
2116  209 17
2116  211 2
2116  199 3
2116  190 4
2116  214 4
2116  173 17
2116  179 6
2116  185 20
2116  245 18
2116  230 9
2116  252 3
2116  170 19
2116  197 7
2116  250 9
2116  174 17
2116  177 5
2116  227 12
2116  216 20
2116  201 11
2116  217 6
2116  255 11
2116  239 18
2146  92 16
2146  88 1
2146  112 1
2146  119 12
2146  116 10
2146  138 15
2146  125 12
2146  90 20
2146  169 20
2146  208 2
2146  210 11
2146  240 18
2146  183 11
2146  205 6
2146  166 20
2146  223 12
2146  215 17
2146  191 5
2146  196 7
2146  234 9
2146  161 19
2146  254 3
2146  204 9
2146  235 2
2146  256 18
2146  165 6
2146  220 4
2146  187 4
2146  224 3
2146  246 20
2146  182 10
2146  207 1
2146  198 17
2146  164 5
2146  192 17
2146  221 6
2146  225 1
2146  195 9
2146  248 3
2146  249 20
2146  226 14
2146  232 7
2146  213 3
2146  236 14
2146  231 6
2146  194 4
2146  237 11
2146  181 2
2146  193 12
2146  219 4
2146  218 19
2146  233 13
2146  162 13
2176  148 8
2176  122 7
2176  146 20
2176  130 16
2176  113 6
2176  154 10
2176  203 11
2176  186 13
2176  168 2
2176  171 11
2176  243 13
2176  247 19
2176  251 4
2176  206 12
2176  202 6
2176  212 4
2176  167 3
2176  175 14
2176  172 14
2176  200 20
2176  184 7
2176  228 5
2176  242 1
2176  189 17
2176  176 9
2176  163 17
2176  188 3
2176  211 3
2176  190 20
2176  180 6
2176  199 1
2176  209 4
2176  185 2
2176  245 18
2176  230 4
2176  214 6
2176  173 19
2176  179 3
2176  238 10
2176  197 5
2176  170 7
2176  227 20
2176  252 9
2176  174 17
2176  216 11
2176  229 11
2176  177 12
2176  250 9
2176  201 6
2176  241 12
2176  255 2
2176  217 18
2176  239 20
2206  120 4
2206  143 16
2206  222 20
2206  240 20
2206  205 18
2206  183 2
2206  166 12
2206  223 6
2206  196 11
2206  191 9
2206  215 12
2206  234 17
2206  161 11
2206  254 9
2206  204 7
2206  235 20
2206  256 5
2206  220 19
2206  187 3
2206  207 18
2206  165 10
2206  224 6
2206  246 4
2206  225 17
2206  195 20
2206  248 6
2206  192 3
2206  198 2
2206  182 4
2206  232 9
2206  164 1
2206  213 20
2206  221 3
2206  236 5
2206  231 7
2206  226 1
2206  194 14
2206  181 14
2206  193 4
2206  249 17
2206  237 3
2206  253 19
2206  218 4
2206  233 11
2206  244 6
2206  162 13
2206  219 12
2206  178 2
2236  212 2
2236  202 12
2236  167 13
2236  175 6
2236  200 19
2236  242 17
2236  228 14
2236  172 11
2236  176 3
2236  163 14
2236  184 4
2236  199 7
2236  190 5
2236  211 20
2236  180 3
2236  189 4
2236  179 6
2236  188 1
2236  245 2
2236  214 4
2236  173 20
2236  230 9
2236  209 1
2236  170 4
2236  252 10
2236  185 3
2236  174 19
2236  197 6
2236  238 17
2236  216 3
2236  227 18
2236  201 9
2236  241 12
2236  229 20
2236  177 5
2236  255 9
2236  250 17
2236  208 11
2236  217 11
2236  239 6
2236  169 7
2236  210 12
2266  97 7
2266  117 15
2266  108 10
2266  105 7
2266  147 7
2266  86 10
2266  114 7
2266  256 12
2266  220 11
2266  187 11
2266  207 6
2266  224 17
2266  246 9
2266  165 7
2266  192 12
2266  225 9
2266  232 18
2266  198 3
2266  195 20
2266  248 5
2266  213 4
2266  164 6
2266  221 10
2266  181 1
2266  182 17
2266  194 9
2266  231 3
2266  236 19
2266  226 20
2266  249 2
2266  193 4
2266  253 6
2266  237 1
2266  244 3
2266  219 20
2266  203 4
2266  162 4
2266  218 7
2266  186 3
2266  233 5
2266  178 14
2266  168 11
2266  206 13
2266  243 17
2266  171 14
2266  247 19
2266  251 6
2296  135 9
2296  123 12
2296  158 2
2296  103 18
2296  91 18
2296  81 10
2296  110 18
2296  149 5
2296  137 4
2296  163 6
2296  184 19
2296  189 14
2296  190 17
2296  180 13
2296  179 4
2296  188 20
2296  245 7
2296  238 2
2296  199 14
2296  211 11
2296  170 1
2296  252 4
2296  173 4
2296  214 3
2296  230 5
2296  209 3
2296  197 19
2296  185 6
2296  201 1
2296  216 20
2296  174 3
2296  229 6
2296  222 9
2296  241 4
2296  177 10
2296  227 17
2296  208 5
2296  250 20
2296  255 3
2296  169 12
2296  240 7
2296  239 9
2296  217 18
2296  210 9
2296  183 6
2296  205 17
2296  166 11
2296  196 11
2296  223 12
2296  191 7
2296  234 7
2296  215 10
2296  254 10
2296  235 15
2296  161 7
2326  140 11
2326  121 5
2326  102 17
2326  153 1
2326  85 15
2326  128 17
2326  84 1
2326  87 14
2326  204 7
2326  207 7
2326  220 10
2326  246 7
2326  187 15
2326  165 7
2326  225 11
2326  224 10
2326  192 12
2326  232 11
2326  198 17
2326  164 6
2326  195 18
2326  248 9
2326  181 12
2326  182 20
2326  221 9
2326  231 17
2326  236 5
2326  213 7
2326  194 3
2326  193 9
2326  244 3
2326  249 10
2326  226 4
2326  203 1
2326  253 6
2326  219 20
2326  237 6
2326  218 3
2326  162 19
2326  178 4
2326  186 5
2326  243 1
2326  233 3
2326  171 7
2326  202 2
2326  168 4
2326  212 14
2326  167 13
2326  251 4
2326  247 20
2326  206 11
2326  175 17
2326  242 6
2326  172 4
2326  228 5
2326  176 19
2356  93 9
2356  126 15
2356  156 14
2356  142 13
2356  99 4
2356  157 8
2356  118 5
2356  141 14
2356  151 1
2356  159 19
2356  131 16
2356  144 14
2356  104 18
2356  101 18
2356  200 14
2356  190 4
2356  184 5
2356  245 11
2356  163 19
2356  179 20
2356  188 4
2356  180 6
2356  199 13
2356  189 17
2356  252 1
2356  170 2
2356  211 4
2356  209 4
2356  197 19
2356  173 5
2356  214 3
2356  185 3
2356  216 20
2356  250 7
2356  238 14
2356  201 6
2356  222 1
2356  229 10
2356  241 3
2356  227 9
2356  255 5
2356  174 6
2356  208 3
2356  230 7
2356  169 17
2356  240 9
2356  177 4
2356  217 20
2356  183 6
2356  210 9
2356  205 18
2356  239 12
2356  166 17
2356  223 12
2356  191 10
2356  196 11
2386  109 4
2386  152 16
2386  115 18
2386  160 11
2386  95 19
2386  129 20
2386  98 20
2386  145 9
2386  133 8
2386  139 20
2386  155 9
2386  124 14
2386  234 11
2386  254 15
2386  235 10
2386  215 7
2386  161 7
2386  204 11
2386  256 7
2386  220 12
2386  246 17
2386  165 12
2386  207 10
2386  187 18
2386  225 20
2386  192 6
2386  232 4
2386  224 9
2386  248 7
2386  164 17
2386  195 3
2386  182 5
2386  198 9
2386  236 9
2386  221 10
2386  181 6
2386  213 1
2386  231 3
2386  193 14
2386  194 6
2386  226 3
2386  203 3
2386  244 7
2386  253 5
2386  237 2
2386  162 19
2386  249 20
2386  219 4
2386  218 4
2386  178 1
2386  186 17
2386  233 13
2386  243 6
2386  171 11
2386  202 20
2386  168 19
2416  136 6
2416  134 10
2416  107 20
2416  111 8
2416  83 12
2416  96 19
2416  132 3
2416  100 16
2416  247 5
2416  167 14
2416  212 4
2416  206 18
2416  251 4
2416  175 18
2416  172 19
2416  176 14
2416  228 1
2416  200 19
2416  242 16
2416  190 20
2416  179 17
2416  188 1
2416  184 13
2416  163 11
2416  245 6
2416  252 19
2416  211 2
2416  197 3
2416  189 20
2416  209 5
2416  199 4
2416  180 4
2416  173 14
2416  170 7
2416  250 6
2416  201 1
2416  238 3
2416  227 3
2416  185 6
2416  222 9
2416  214 3
2416  208 17
2416  255 7
2416  174 9
2416  216 10
2416  229 9
2416  230 4
2416  241 5
2416  240 20
2416  177 10
2416  217 18
2416  239 17
2416  205 12
2416  183 12
2416  169 6
2416  210 7
2446  127 15
2446  106 12
2446  94 10
2446  150 1
2446  82 1
2446  92 11
2446  89 16
2446  88 13
2446  119 6
2446  166 11
2446  223 7
2446  196 10
2446  234 7
2446  254 6
2446  235 12
2446  191 7
2446  161 12
2446  215 17
2446  256 10
2446  204 18
2446  246 5
2446  232 17
2446  220 20
2446  165 4
2446  207 9
2446  192 9
2446  187 10
2446  195 6
2446  164 3
2446  248 9
2446  225 7
2446  182 1
2446  198 3
2446  221 7
2446  224 3
2446  236 6
2446  181 14
2446  193 4
2446  213 5
2446  194 3
2446  244 20
2446  226 19
2446  231 4
2446  253 6
2446  249 13
2446  162 11
2446  237 1
2446  203 2
2446  178 16
2446  186 19
2446  218 20
2476  112 10
2476  116 16
2476  90 8
2476  138 20
2476  125 7
2476  122 18
2476  219 17
2476  243 14
2476  168 18
2476  171 4
2476  233 1
2476  202 19
2476  172 16
2476  176 19
2476  228 2
2476  200 1
2476  175 20
2476  242 11
2476  190 13
2476  188 19
2476  184 6
2476  245 3
2476  163 20
2476  179 4
2476  211 6
2476  180 14
2476  199 4
2476  252 5
2476  173 1
2476  238 7
2476  250 3
2476  189 7
2476  209 3
2476  197 3
2476  214 10
2476  201 9
2476  255 17
2476  170 6
2476  230 10
2476  227 4
2476  229 17
2476  241 12
2476  222 9
2476  185 9
2476  174 18
2476  208 20
2476  216 5
2476  240 7
2476  177 6
2476  205 7
2476  169 11
2476  217 12
2476  239 10
2476  183 7
2476  210 6
2506  130 20
2506  148 2
2506  146 20
2506  113 16
2506  154 4
2506  223 7
2506  234 10
2506  196 6
2506  254 12
2506  191 7
2506  161 11
2506  215 7
2506  235 6
2506  256 5
2506  246 18
2506  204 20
2506  165 9
2506  192 4
2506  232 9
2506  220 17
2506  207 12
2506  225 10
2506  164 6
2506  195 9
2506  248 17
2506  182 3
2506  181 1
2506  187 10
2506  221 7
2506  224 3
2506  193 5
2506  253 3
2506  236 7
2506  198 3
2506  194 6
2506  244 14
2506  226 4
2506  213 4
2506  231 20
2506  249 19
2506  203 13
2506  237 11
2506  162 6
2506  247 20
2506  167 1
2506  212 19
2506  251 1
2506  206 4
2506  218 19
2506  186 16
2536  120 12
2536  143 2
2536  178 2
2536  172 19
2536  176 16
2536  228 4
2536  200 19
2536  175 1
2536  242 1
2536  184 6
2536  188 11
2536  190 20
2536  179 20
2536  163 13
2536  199 4
2536  180 4
2536  252 6
2536  173 3
2536  245 19
2536  209 3
2536  189 5
2536  238 7
2536  211 14
2536  197 7
2536  250 3
2536  201 1
2536  255 17
2536  170 3
2536  241 17
2536  185 12
2536  227 9
2536  222 6
2536  229 10
2536  240 9
2536  174 18
2536  216 20
2536  214 10
2536  230 9
2536  208 4
2536  239 7
2536  169 12
2536  166 7
2536  217 6
2536  177 11
2536  205 5
2536  183 6
2536  210 10
2566  97 18
2566  246 6
2566  204 10
2566  165 5
2566  232 6
2566  220 12
2566  195 9
2566  164 7
2566  207 7
2566  192 11
2566  225 10
2566  181 20
2566  182 9
2566  248 4
2566  221 6
2566  253 17
2566  224 10
2566  219 5
2566  244 3
2566  226 3
2566  187 18
2566  193 12
2566  231 7
2566  213 14
2566  194 17
2566  198 1
2566  243 3
2566  162 7
2566  249 19
2566  203 3
2566  236 9
2566  171 4
2566  233 13
2566  167 20
2566  237 6
2566  202 6
2566  168 4
2566  212 11
2566  247 20
2566  218 1
2566  186 4
2566  206 19
2566  251 1
2596  117 10
2596  147 2
2596  108 18
2596  86 12
2596  114 9
2596  105 18
2596  123 14
2596  252 4
2596  173 1
2596  245 19
2596  211 11
2596  180 1
2596  189 6
2596  250 20
2596  255 4
2596  197 9
2596  201 6
2596  209 4
2596  238 20
2596  227 1
2596  241 3
2596  240 17
2596  174 7
2596  170 13
2596  185 7
2596  230 12
2596  229 19
2596  214 18
2596  222 3
2596  216 14
2596  208 3
2596  169 17
2596  239 5
2596  217 3
2596  166 10
2596  205 6
2596  177 4
2596  210 20
2596  183 9
2596  223 10
2596  234 11
2596  196 7
2596  191 12
2596  161 9
2596  254 7
2596  215 5
2596  235 6
2596  256 10
2626  135 7
2626  158 1
2626  103 17
2626  91 15
2626  140 14
2626  81 1
2626  110 17
2626  149 5
2626  137 11
2626  102 8
2626  192 10
2626  181 5
2626  182 7
2626  225 6
2626  248 9
2626  253 11
2626  224 12
2626  221 7
2626  244 10
2626  231 10
2626  213 3
2626  249 3
2626  226 4
2626  203 18
2626  187 20
2626  219 9
2626  193 6
2626  171 7
2626  233 13
2626  243 14
2626  237 17
2626  194 17
2626  162 5
2626  198 3
2626  236 19
2626  168 20
2626  202 1
2626  178 12
2626  167 7
2626  251 4
2626  247 4
2626  212 3
2626  186 9
2626  218 6
2626  176 6
2626  172 1
2626  206 20
2626  228 11
2626  200 1
2626  175 19
2626  242 4
2626  190 9
2626  184 14
2626  188 18
2626  179 18
2656  153 4
2656  121 5
2656  85 13
2656  128 14
2656  84 15
2656  87 9
2656  126 15
2656  156 14
2656  99 9
2656  142 20
2656  199 2
2656  163 12
2656  252 18
2656  189 4
2656  180 14
2656  173 18
2656  255 1
2656  209 11
2656  238 19
2656  211 9
2656  201 1
2656  197 6
2656  250 20
2656  241 6
2656  174 4
2656  170 4
2656  240 3
2656  230 7
2656  229 20
2656  227 9
2656  208 3
2656  185 19
2656  239 17
2656  169 17
2656  214 12
2656  216 5
2656  217 14
2656  177 6
2656  166 13
2656  205 7
2656  222 1
2656  183 9
2656  210 20
2656  223 18
2656  234 4
2656  196 3
2656  191 10
2656  254 10
2656  161 3
2656  235 12
2656  215 7
2656  204 11
2656  246 6
2656  195 11
2656  220 10
2656  165 7
2686  93 11
2686  141 20
2686  157 8
2686  118 9
2686  131 11
2686  104 18
2686  101 4
2686  160 16
2686  159 19
2686  151 20
2686  109 18
2686  144 16
2686  115 14
2686  95 5
2686  232 5
2686  207 5
2686  164 8
2686  256 9
2686  192 7
2686  248 6
2686  253 12
2686  221 7
2686  182 11
2686  244 10
2686  181 10
2686  213 3
2686  224 11
2686  231 10
2686  203 20
2686  226 1
2686  219 4
2686  249 18
2686  171 13
2686  225 3
2686  233 12
2686  194 14
2686  243 17
2686  187 9
2686  178 3
2686  193 7
2686  237 17
2686  167 4
2686  198 5
2686  247 7
2686  162 6
2686  202 9
2686  168 20
2686  236 19
2686  218 20
2686  251 3
2686  212 4
2686  186 6
2686  176 6
2686  228 19
2686  172 1
2686  206 9
2716  129 3
2716  152 4
2716  98 19
2716  139 20
2716  145 12
2716  133 8
2716  155 10
2716  124 6
2716  200 11
2716  242 18
2716  175 1
2716  190 14
2716  184 4
2716  188 12
2716  179 18
2716  245 2
2716  199 9
2716  163 1
2716  189 6
2716  180 6
2716  252 19
2716  211 19
2716  238 3
2716  209 20
2716  201 20
2716  173 4
2716  197 7
2716  250 9
2716  240 4
2716  255 6
2716  241 5
2716  230 3
2716  170 17
2716  174 7
2716  229 9
2716  185 13
2716  239 3
2716  169 18
2716  208 14
2716  227 17
2716  214 12
2716  216 4
2716  166 3
2716  222 10
2716  210 10
2716  183 10
2716  205 1
2716  217 20
2716  177 11
2716  223 11
2716  234 7
2716  196 12
2716  191 6
2716  161 9
2716  254 7
2716  215 5
2746  136 13
2746  134 16
2746  107 11
2746  132 12
2746  111 1
2746  83 1
2746  96 10
2746  127 14
2746  100 15
2746  94 17
2746  235 8
2746  220 18
2746  204 5
2746  246 14
2746  165 16
2746  232 5
2746  195 5
2746  256 6
2746  207 7
2746  164 9
2746  192 12
2746  253 11
2746  221 11
2746  182 10
2746  181 20
2746  231 10
2746  224 10
2746  248 7
2746  249 12
2746  226 14
2746  244 1
2746  219 4
2746  213 3
2746  225 18
2746  203 17
2746  194 13
2746  233 9
2746  178 3
2746  171 3
2746  243 7
2746  167 7
2746  162 6
2746  237 4
2746  247 9
2746  187 17
2746  193 5
2746  202 20
2746  251 19
2746  236 20
2746  176 6
2746  168 3
2746  218 19
2746  172 9
2746  228 2
2776  150 18
2776  82 7
2776  106 18
2776  88 8
2776  89 20
2776  92 16
2776  119 10
2776  116 4
2776  186 1
2776  206 18
2776  198 4
2776  212 6
2776  184 19
2776  175 2
2776  190 9
2776  188 20
2776  245 3
2776  179 6
2776  199 19
2776  163 20
2776  180 5
2776  189 17
2776  252 9
2776  211 7
2776  209 7
2776  173 3
2776  255 13
2776  240 9
2776  238 4
2776  201 6
2776  230 18
2776  197 17
2776  241 3
2776  239 14
2776  169 10
2776  185 7
2776  229 12
2776  250 3
2776  174 1
2776  170 4
2776  227 10
2776  208 10
2776  216 11
2776  210 7
2776  166 12
2776  214 20
2776  217 5
2776  205 6
2776  222 11
2776  183 9
2776  223 16
2776  177 5
2776  234 14
2776  196 5
2776  191 8
2806  90 20
2806  112 7
2806  138 16
2806  125 2
2806  122 20
2806  130 16
2806  161 18
2806  215 15
2806  254 17
2806  220 8
2806  232 5
2806  246 14
2806  195 9
2806  204 5
2806  165 16
2806  256 11
2806  164 5
2806  207 6
2806  192 20
2806  253 7
2806  182 10
2806  181 11
2806  248 10
2806  224 4
2806  221 12
2806  213 3
2806  249 7
2806  225 14
2806  231 1
2806  233 18
2806  244 3
2806  203 6
2806  226 10
2806  219 12
2806  178 4
2806  162 13
2806  247 7
2806  187 9
2806  202 20
2806  171 9
2806  237 17
2806  200 6
2806  194 17
2806  251 19
2806  167 7
2806  168 9
2806  236 3
2806  193 5
2806  176 20
2806  243 3
2806  242 19
2806  172 6
2836  148 19
2836  113 2
2836  154 12
2836  146 2
2836  120 6
2836  143 18
2836  218 2
2836  228 4
2836  175 6
2836  184 19
2836  190 3
2836  188 3
2836  245 20
2836  179 5
2836  199 9
2836  163 7
2836  180 19
2836  189 17
2836  209 9
2836  211 17
2836  173 20
2836  252 6
2836  238 9
2836  255 4
2836  240 13
2836  230 12
2836  197 10
2836  239 6
2836  169 14
2836  185 18
2836  174 12
2836  170 3
2836  250 7
2836  201 7
2836  241 1
2836  227 4
2836  229 3
2836  216 11
2836  208 10
2836  214 10
2836  166 7
2836  210 20
2836  217 5
2836  183 16
2836  222 11
2836  177 5
2836  205 6
2836  234 14
2836  196 5
2836  223 9
2836  235 8
2836  191 17
2866  232 17
2866  246 5
2866  204 9
2866  165 14
2866  195 8
2866  256 5
2866  207 11
2866  164 6
2866  192 16
2866  182 7
2866  253 5
2866  248 10
2866  224 10
2866  249 4
2866  221 11
2866  213 3
2866  181 20
2866  203 18
2866  233 12
2866  244 7
2866  178 6
2866  225 7
2866  231 1
2866  162 10
2866  219 3
2866  187 13
2866  226 14
2866  171 6
2866  247 12
2866  251 9
2866  237 9
2866  198 17
2866  194 20
2866  200 19
2866  186 9
2866  212 3
2866  202 4
2866  206 7
2866  167 17
2866  176 3
2866  242 4
2866  193 20
2866  236 5
2866  243 6
2866  168 19
2866  172 2
2896  97 10
2896  117 17
2896  189 19
2896  211 6
2896  180 2
2896  252 20
2896  173 4
2896  209 5
2896  240 17
2896  238 3
2896  255 7
2896  230 4
2896  197 3
2896  239 9
2896  169 20
2896  250 9
2896  170 9
2896  227 13
2896  185 19
2896  241 14
2896  166 7
2896  229 6
2896  201 17
2896  208 3
2896  216 10
2896  174 12
2896  214 1
2896  210 6
2896  222 12
2896  223 10
2896  217 7
2896  183 18
2896  177 3
2896  234 11
2896  196 4
2896  205 20
2896  161 10
2896  215 7
2896  254 16
2896  191 6
2896  235 5
2896  220 11
2926  108 14
2926  114 17
2926  147 1
2926  158 9
2926  105 1
2926  86 15
2926  123 7
2926  244 16
2926  233 7
2926  221 11
2926  178 20
2926  213 5
2926  226 10
2926  181 6
2926  203 10
2926  162 3
2926  200 17
2926  231 4
2926  171 12
2926  225 11
2926  237 6
2926  219 18
2926  187 7
2926  198 1
2926  186 19
2926  212 7
2926  247 12
2926  218 10
2926  251 3
2926  194 6
2926  167 9
2926  228 13
2926  202 14
2926  176 3
2926  206 9
2926  242 4
2926  193 9
2926  243 7
2926  175 5
2926  172 3
2926  236 20
2926  190 20
2926  188 19
2926  179 6
2926  184 4
2926  168 17
2926  245 2
2926  199 17
2926  163 10
2956  135 20
2956  140 9
2956  81 15
2956  103 14
2956  91 15
2956  149 13
2956  102 4
2956  85 16
2956  110 14
2956  121 19
2956  137 5
2956  240 10
2956  255 17
2956  169 6
2956  230 2
2956  170 20
2956  197 17
2956  250 19
2956  229 20
2956  239 4
2956  227 9
2956  241 7
2956  208 9
2956  201 4
2956  216 3
2956  174 14
2956  214 13
2956  185 3
2956  222 9
2956  166 5
2956  223 7
2956  183 12
2956  217 3
2956  210 6
2956  234 19
2956  177 10
2956  196 7
2956  205 1
2956  215 6
2956  161 18
2956  254 11
2956  191 12
2956  235 4
2956  220 3
2956  204 10
2956  246 6
2956  232 17
2956  165 10
2956  256 20
2956  207 11
2956  164 7
2956  195 5
2956  182 7
2956  249 1
2956  248 15
2956  192 16
2986  128 4
2986  87 11
2986  126 9
2986  156 8
2986  153 20
2986  99 20
2986  142 11
2986  84 18
2986  93 12
2986  157 14
2986  224 1
2986  253 9
2986  244 16
2986  178 1
2986  221 7
2986  233 15
2986  200 20
2986  162 11
2986  231 6
2986  213 5
2986  171 3
2986  203 10
2986  237 18
2986  219 4
2986  226 17
2986  212 6
2986  186 1
2986  225 10
2986  198 12
2986  247 10
2986  218 19
2986  251 6
2986  187 11
2986  176 12
2986  228 5
2986  206 9
2986  194 7
2986  167 3
2986  202 7
2986  181 7
2986  175 14
2986  193 3
2986  179 4
2986  184 9
2986  188 20
2986  243 3
2986  236 4
2986  168 19
2986  172 7
2986  242 13
2986  190 9
2986  199 20
2986  245 17
2986  189 2
2986  180 17
2986  173 19
3016  131 18
3016  141 4
3016  104 11
3016  118 1
3016  160 10
3016  151 8
3016  144 19
3016  115 4
3016  101 6
3016  159 12
3016  109 20
3016  95 3
3016  252 5
3016  163 6
3016  211 10
3016  238 14
3016  209 16
3016  240 19
3016  169 17
3016  170 9
3016  250 20
3016  197 13
3016  255 17
3016  227 3
3016  230 2
3016  239 7
3016  241 4
3016  208 9
3016  185 7
3016  229 19
3016  214 14
3016  216 4
3016  174 3
3016  201 20
3016  222 7
3016  223 12
3016  183 9
3016  166 3
3016  196 6
3016  210 5
3016  217 7
3016  234 11
3016  177 19
3016  205 10
3016  215 12
3016  161 10
3016  254 1
3016  191 6
3016  220 4
3016  235 17
3016  246 10
3016  204 18
3016  232 3
3016  207 11
3016  165 5
3046  129 14
3046  98 1
3046  152 10
3046  139 1
3046  145 12
3046  155 16
3046  133 11
3046  134 1
3046  107 4
3046  124 13
3046  164 20
3046  195 15
3046  256 6
3046  192 9
3046  248 16
3046  182 1
3046  249 7
3046  253 5
3046  221 18
3046  178 3
3046  233 17
3046  200 4
3046  244 11
3046  213 10
3046  237 11
3046  226 19
3046  219 12
3046  203 10
3046  162 10
3046  231 6
3046  225 6
3046  247 9
3046  198 3
3046  251 7
3046  218 12
3046  212 7
3046  228 4
3046  186 5
3046  171 1
3046  167 19
3046  194 14
3046  187 20
3046  206 7
3046  176 3
3046  202 9
3046  175 7
3046  193 2
3046  184 3
3046  179 13
3046  188 20
3046  181 4
3046  172 16
3046  243 17
3046  236 9
3046  242 17
3046  168 14
3076  136 18
3076  132 10
3076  111 16
3076  83 20
3076  96 8
3076  127 18
3076  100 7
3076  94 18
3076  82 18
3076  150 15
3076  199 10
3076  245 6
3076  189 5
3076  190 19
3076  180 3
3076  163 14
3076  252 17
3076  211 17
3076  238 9
3076  173 20
3076  209 16
3076  239 3
3076  197 7
3076  255 2
3076  240 4
3076  250 13
3076  230 9
3076  241 7
3076  169 20
3076  208 14
3076  170 3
3076  229 1
3076  185 5
3076  214 19
3076  227 20
3076  174 12
3076  201 4
3076  216 7
3076  166 3
3076  222 7
3076  223 6
3076  183 9
3076  210 10
3076  217 6
3076  196 10
3076  205 19
3076  177 11
3076  215 10
3076  234 12
3076  161 11
3076  191 17
3076  254 4
3076  220 3
3076  235 18
3106  88 20
3106  106 16
3106  92 16
3106  89 2
3106  90 6
3106  119 7
3106  125 12
3106  204 5
3106  246 7
3106  232 1
3106  207 9
3106  165 16
3106  224 6
3106  192 4
3106  182 11
3106  249 17
3106  253 12
3106  256 18
3106  248 3
3106  221 11
3106  244 19
3106  200 6
3106  233 10
3106  178 10
3106  226 3
3106  162 9
3106  237 7
3106  203 7
3106  231 4
3106  225 12
3106  213 10
3106  251 1
3106  219 6
3106  198 20
3106  247 19
3106  218 5
3106  171 20
3106  186 14
3106  167 13
3106  187 2
3106  228 7
3106  212 3
3106  194 9
3106  206 4
3106  175 16
3106  202 3
3106  176 7
3106  184 17
3106  179 17
3106  188 14
3106  193 20
3106  172 3
3136  122 2
3136  138 18
3136  112 2
3136  116 20
3136  130 19
3136  148 5
3136  113 8
3136  181 9
3136  242 6
3136  243 19
3136  168 10
3136  236 5
3136  238 17
3136  180 3
3136  163 20
3136  252 14
3136  211 17
3136  209 3
3136  173 7
3136  239 16
3136  255 3
3136  240 9
3136  250 4
3136  197 7
3136  169 14
3136  241 13
3136  214 19
3136  170 5
3136  229 20
3136  230 2
3136  174 10
3136  208 20
3136  185 6
3136  227 1
3136  216 4
3136  222 7
3136  201 12
3136  210 10
3136  166 7
3136  217 9
3136  205 19
3136  177 11
3136  223 6
3136  196 3
3136  183 10
3136  215 3
3136  234 18
3136  161 12
3136  191 17
3136  254 11
3136  235 6
3136  220 4
3136  164 16
3166  154 14
3166  120 5
3166  146 9
3166  195 9
3166  165 16
3166  207 4
3166  192 11
3166  182 17
3166  224 6
3166  253 3
3166  249 12
3166  256 10
3166  248 18
3166  221 3
3166  244 6
3166  233 11
3166  200 19
3166  178 9
3166  226 12
3166  162 7
3166  203 10
3166  231 4
3166  225 1
3166  213 6
3166  218 20
3166  237 7
3166  171 13
3166  186 19
3166  198 10
3166  251 5
3166  247 2
3166  167 14
3166  219 20
3166  187 7
3166  212 4
3166  228 9
3166  206 7
3166  194 16
3166  176 3
3166  188 5
3166  245 20
3166  184 3
3166  172 6
3166  202 14
3166  189 9
3166  190 19
3166  199 17
3166  175 3
3166  179 17
3166  193 10
3196  143 17
3196  163 17
3196  252 3
3196  211 17
3196  209 19
3196  173 9
3196  239 14
3196  250 6
3196  180 10
3196  170 9
3196  197 5
3196  169 7
3196  214 3
3196  240 3
3196  255 20
3196  241 16
3196  230 4
3196  229 7
3196  208 20
3196  185 2
3196  227 5
3196  174 14
3196  216 10
3196  201 13
3196  210 6
3196  222 19
3196  205 1
3196  217 7
3196  177 10
3196  196 4
3196  166 20
3196  215 9
3196  183 7
3196  223 12
3196  234 19
3196  204 3
3196  161 11
3196  246 18
3196  191 6
3196  220 6
3196  254 10
3196  235 12
3196  232 3
3196  164 17
3226  97 17
3226  117 14
3226  108 4
3226  200 3
3226  233 17
3226  225 11
3226  178 12
3226  213 3
3226  226 6
3226  162 10
3226  203 6
3226  237 12
3226  218 19
3226  231 18
3226  167 1
3226  251 7
3226  219 20
3226  247 10
3226  198 4
3226  171 9
3226  186 7
3226  212 6
3226  206 5
3226  194 14
3226  242 20
3226  228 13
3226  181 10
3226  245 7
3226  188 20
3226  189 6
3226  168 10
3226  190 7
3226  236 3
3226  202 5
3226  176 2
3226  199 3
3226  187 19
3226  243 16
3226  175 14
3226  184 4
3226  193 19
3226  172 9
3226  238 17
3226  179 9
3256  158 14
3256  147 15
3256  114 13
3256  123 20
3256  135 1
3256  105 15
3256  86 9
3256  230 9
3256  241 4
3256  240 9
3256  255 17
3256  208 14
3256  229 19
3256  227 19
3256  216 3
3256  174 2
3256  185 16
3256  201 5
3256  217 6
3256  196 20
3256  222 3
3256  210 7
3256  205 10
3256  166 10
3256  183 20
3256  215 13
3256  223 14
3256  177 7
3256  234 5
3256  195 6
3256  204 9
3256  191 10
3256  161 7
3256  246 4
3256  220 7
3256  254 20
3256  235 1
3256  192 10
3256  165 19
3256  207 12
3256  232 18
3256  249 11
3256  224 3
3256  164 6
3256  182 6
3256  253 12
3256  248 17
3256  256 3
3256  221 4
3256  244 14
3286  103 18
3286  91 11
3286  85 8
3286  81 12
3286  121 9
3286  149 20
3286  128 12
3286  140 14
3286  110 11
3286  137 4
3286  203 4
3286  218 14
3286  237 17
3286  247 3
3286  219 6
3286  226 3
3286  251 11
3286  198 6
3286  231 12
3286  212 12
3286  242 7
3286  186 19
3286  194 1
3286  206 20
3286  167 18
3286  171 10
3286  228 4
3286  188 9
3286  181 7
3286  245 10
3286  168 20
3286  189 10
3286  236 6
3286  199 7
3286  190 14
3286  176 5
3286  175 10
3286  243 3
3286  202 13
3286  193 6
3286  187 20
3286  184 7
3286  172 5
3286  238 16
3286  252 3
3286  163 2
3286  211 19
3286  179 19
3286  239 17
3286  170 9
3286  209 14
3286  197 15
3286  180 4
3286  169 20
3286  173 9
3286  250 9
3316  126 4
3316  156 19
3316  102 20
3316  87 6
3316  93 4
3316  142 1
3316  99 10
3316  157 18
3316  84 11
3316  118 4
3316  160 1
3316  214 1
3316  241 9
3316  230 9
3316  227 9
3316  174 19
3316  240 4
3316  208 20
3316  255 15
3316  229 14
3316  185 19
3316  216 17
3316  201 2
3316  205 20
3316  217 3
3316  210 7
3316  222 5
3316  183 13
3316  196 16
3316  223 5
3316  177 10
3316  166 6
3316  215 3
3316  161 6
3316  195 14
3316  204 20
3316  246 10
3316  234 7
3316  220 9
3316  254 7
3316  192 10
3316  191 10
3316  235 4
3316  232 20
3316  165 18
3316  224 12
3316  164 7
3316  249 19
3316  207 1
3316  182 12
3316  248 6
3316  253 11
3316  200 6
3316  256 3
3316  221 3
3346  131 15
3346  141 20
3346  144 16
3346  104 13
3346  115 12
3346  159 10
3346  151 11
3346  153 8
3346  109 1
3346  101 1
3346  129 15
3346  152 18
3346  139 7
3346  95 14
3346  233 14
3346  225 4
3346  244 17
3346  213 11
3346  178 4
3346  162 14
3346  218 3
3346  247 6
3346  237 3
3346  198 11
3346  219 6
3346  251 12
3346  226 1
3346  242 7
3346  245 7
3346  186 18
3346  228 7
3346  212 19
3346  231 12
3346  171 10
3346  167 4
3346  194 20
3346  206 10
3346  199 6
3346  236 20
3346  176 14
3346  168 6
3346  243 16
3346  181 9
3346  188 10
3346  202 5
3346  190 3
3346  189 10
3346  193 13
3346  175 5
3346  184 7
3346  172 20
3346  187 3
3346  238 2
3346  163 17
3346  211 14
3346  179 15
3376  98 18
3376  155 8
3376  133 20
3376  134 16
3376  145 18
3376  124 18
3376  132 7
3376  107 10
3376  83 12
3376  96 7
3376  252 19
3376  180 4
3376  197 9
3376  209 19
3376  170 9
3376  239 20
3376  169 1
3376  250 1
3376  214 15
3376  173 9
3376  230 14
3376  241 17
3376  227 2
3376  174 5
3376  255 7
3376  240 20
3376  229 13
3376  185 10
3376  208 3
3376  201 3
3376  216 5
3376  196 16
3376  217 9
3376  183 14
3376  205 10
3376  222 6
3376  166 10
3376  210 20
3376  215 4
3376  223 20
3376  177 6
3376  195 10
3376  204 19
3376  161 12
3376  254 7
3376  220 7
3376  192 12
3376  234 18
3376  246 7
3376  191 1
3376  165 3
3376  224 3
3376  235 6
3376  232 11
3376  249 4
3376  164 6
3406  136 1
3406  127 6
3406  111 5
3406  100 2
3406  150 16
3406  94 16
3406  82 20
3406  88 8
3406  207 14
3406  182 11
3406  248 17
3406  200 14
3406  253 4
3406  221 14
3406  256 7
3406  233 6
3406  203 18
3406  244 11
3406  178 6
3406  225 4
3406  213 3
3406  162 3
3406  218 1
3406  247 12
3406  237 12
3406  251 7
3406  226 7
3406  219 7
3406  198 18
3406  242 19
3406  245 10
3406  212 6
3406  186 4
3406  171 20
3406  194 6
3406  206 14
3406  236 9
3406  231 20
3406  228 10
3406  168 3
3406  188 13
3406  243 10
3406  181 3
3406  167 10
3406  199 5
3406  193 20
3406  190 7
3406  176 16
3406  187 15
3406  184 14
3406  189 2
3406  202 5
3406  172 9
3406  175 17
3406  238 1
3436  106 5
3436  92 19
3436  89 20
3436  122 11
3436  125 2
3436  112 16
3436  90 2
3436  138 4
3436  119 18
3436  116 9
3436  163 1
3436  211 20
3436  179 9
3436  170 9
3436  197 5
3436  169 14
3436  239 2
3436  180 1
3436  209 17
3436  250 15
3436  173 7
3436  214 16
3436  230 20
3436  241 5
3436  255 10
3436  240 3
3436  229 3
3436  227 10
3436  185 10
3436  174 13
3436  216 14
3436  208 20
3436  201 9
3436  166 10
3436  196 20
3436  222 6
3436  205 4
3436  210 18
3436  217 6
3436  215 7
3436  177 7
3436  183 19
3436  223 7
3436  195 12
3436  161 12
3436  234 18
3436  192 6
3436  204 1
3436  246 11
3436  254 3
3436  220 3
3436  191 4
3466  130 9
3466  148 5
3466  113 14
3466  249 14
3466  232 4
3466  165 6
3466  235 14
3466  224 7
3466  164 17
3466  253 4
3466  233 11
3466  256 3
3466  221 3
3466  244 1
3466  225 12
3466  178 18
3466  203 6
3466  213 12
3466  218 19
3466  162 7
3466  237 6
3466  251 18
3466  219 7
3466  226 4
3466  198 7
3466  242 20
3466  247 6
3466  245 10
3466  212 9
3466  228 10
3466  231 3
3466  171 14
3466  168 3
3466  186 20
3466  167 16
3466  206 10
3466  194 13
3466  243 20
3466  181 5
3466  176 17
3466  190 2
3466  193 15
3466  236 10
3466  188 7
3466  187 5
3466  202 9
3466  199 1
3466  252 9
3466  175 1
3466  184 14
3466  238 18
3466  172 9
3496  154 3
3496  120 17
3496  146 17
3496  189 20
3496  197 9
3496  239 18
3496  169 14
3496  209 9
3496  250 1
3496  180 1
3496  173 5
3496  214 9
3496  241 10
3496  255 2
3496  230 7
3496  227 20
3496  185 5
3496  229 17
3496  240 15
3496  201 10
3496  174 13
3496  216 20
3496  208 16
3496  196 3
3496  210 10
3496  166 9
3496  217 14
3496  215 6
3496  183 7
3496  222 10
3496  205 3
3496  177 20
3496  223 4
3496  192 6
3496  195 7
3496  161 18
3496  220 18
3496  204 7
3496  234 12
3496  246 19
3496  254 6
3496  182 3
3496  207 1
3496  191 12
3496  248 3
3496  200 11
3526  143 17
3526  244 11
3526  225 12
3526  178 3
3526  203 1
3526  213 3
3526  218 19
3526  219 12
3526  237 7
3526  251 18
3526  162 6
3526  242 6
3526  226 18
3526  247 4
3526  245 20
3526  186 7
3526  228 9
3526  198 7
3526  181 10
3526  206 13
3526  243 16
3526  194 3
3526  190 5
3526  168 6
3526  176 17
3526  193 15
3526  231 10
3526  212 3
3526  171 14
3526  187 7
3526  167 20
3526  163 20
3526  236 10
3526  199 10
3526  211 5
3526  184 1
3526  188 2
3526  252 9
3526  202 9
3526  175 1
3526  179 14
3526  238 18
3526  172 9
3526  170 20
3556  97 13
3556  117 15
3556  108 14
3556  185 20
3556  227 9
3556  229 18
3556  240 1
3556  201 14
3556  216 9
3556  174 9
3556  208 2
3556  196 5
3556  210 10
3556  166 10
3556  215 20
3556  177 14
3556  205 20
3556  217 1
3556  183 3
3556  222 7
3556  223 10
3556  195 15
3556  192 6
3556  220 13
3556  232 5
3556  165 3
3556  204 9
3556  161 17
3556  246 7
3556  235 7
3556  182 6
3556  254 4
3556  249 16
3556  224 10
3556  234 20
3556  191 18
3556  207 18
3556  248 6
3556  200 7
3556  164 12
3556  253 19
3556  233 3
3556  221 1
3556  256 3
3586  158 12
3586  147 20
3586  114 9
3586  123 12
3586  135 8
3586  105 11
3586  103 4
3586  91 11
3586  247 1
3586  245 3
3586  228 19
3586  198 6
3586  194 7
3586  171 7
3586  212 16
3586  193 20
3586  176 10
3586  186 3
3586  190 4
3586  167 9
3586  163 17
3586  187 3
3586  181 12
3586  243 18
3586  206 18
3586  231 6
3586  189 15
3586  199 13
3586  211 6
3586  252 7
3586  184 10
3586  188 3
3586  236 5
3586  168 7
3586  175 20
3586  179 14
3586  202 1
3586  238 20
3586  197 10
3586  172 10
3586  239 5
3586  169 2
3586  209 9
3586  180 9
3586  173 18
3586  250 14
3586  214 1
3586  170 9
3586  255 14
3586  230 15
3586  241 20
