# Warning: using immediate writes here, thus this header might be
# inaccurate, should subsequent curve reordering or addition be performed.
# Only initially created curves are listed below, the dynamically added ones
# are not visible in this file.

# This time series data file has been written on 13/3/2019, at 23:13:41, on
# host note-dell.lsd.ufcg.edu.br (node: Sim-Diasca-Cloudish_scheduler-lsd-20668522-computing-node@note-dell.lsd.ufcg.edu.br).

# Probe name: 'Allocation Infra Manager 1'.
# Probe title: 'Requests received'.

# Associated meta-data:
# - version of the Common layer: 0.1
# - version of the WOOPER layer: 1.0
# - version of the Traces layer: 0.3
# - version of the Sim-Diasca engine: 2.2.11-rc1
# - name of the simulation case: Cloudish scheduler
# - tick duration (in virtual seconds): 1.000000


# First column corresponds to the abscissa, expressed in tick offsets.
# Next columns correspond to following curve names (in that order):
# - curve #1: 'TastId'
# - curve #2: 'HostId'
# - curve #3: 'CPUAlloc'
# - curve #4: 'MemAlloc'
# - curve #5: 'Index'
# - curve #6: 'Overhead'

# No zone defined.

1  23 11 0.375 0.375 7 3
2  80 16 0.375 0.375 7 2
3  175 6 0.375 0.375 7 2
4  91 4 0.375 0.375 7 2
5  27 19 0.375 0.375 7 2
6  2 1 0.375 0.375 7 2
7  131 8 0.375 0.375 7 2
8  184 5 0.375 0.375 7 2
9  152 13 0.375 0.375 7 2
10  61 7 0.375 0.375 7 3
11  130 14 0.375 0.375 7 2
12  17 9 0.375 0.375 7 3
13  201 12 0.375 0.375 7 3
14  86 3 0.375 0.375 7 3
15  76 2 0.375 0.375 7 2
16  32 10 0.375 0.375 7 2
17  72 17 0.375 0.375 7 2
18  185 20 0.375 0.375 7 3
19  20 18 0.375 0.375 7 2
20  31 15 0.375 0.375 7 2
21  213 3 0.75 0.75 7 2
22  13 1 0.75 0.75 7 2
23  149 17 0.75 0.75 7 2
24  183 11 0.75 0.75 7 2
25  144 15 0.75 0.75 7 2
26  172 8 0.75 0.75 7 4
27  78 10 0.75 0.75 7 2
28  94 19 0.75 0.75 7 2
29  103 4 0.75 0.75 7 4
30  122 16 0.75 0.75 7 2
31  101 2 0.75 0.75 7 2
32  194 9 0.75 0.75 7 2
33  64 5 0.75 0.75 7 2
34  38 13 0.75 0.75 7 2
35  125 7 0.75 0.75 7 2
36  104 20 0.75 0.75 7 2
37  43 12 0.75 0.75 7 2
38  87 6 0.75 0.75 7 2
39  7 14 0.75 0.75 7 3
40  5 18 0.75 0.75 7 3
41  119 2 1.125 1.125 7 3
42  60 10 1.125 1.125 7 3
43  212 17 1.125 1.125 7 3
44  41 11 1.125 1.125 7 1
45  56 7 1.125 1.125 7 2
46  69 5 1.125 1.125 7 2
47  16 9 1.125 1.125 7 2
48  40 19 1.125 1.125 7 2
49  136 8 1.125 1.125 7 3
50  30 15 1.125 1.125 7 2
51  190 14 1.125 1.125 7 3
52  18 3 1.125 1.125 7 2
53  138 1 1.125 1.125 7 2
54  196 20 1.125 1.125 7 2
55  129 12 1.125 1.125 7 2
56  147 6 1.125 1.125 7 2
57  73 16 1.125 1.125 7 2
58  113 18 1.125 1.125 7 2
59  25 4 1.125 1.125 7 2
60  74 13 1.125 1.125 7 2
61  165 13 1.5 1.5 7 2
62  207 15 1.5 1.5 7 2
63  211 17 1.5 1.5 7 3
64  140 12 1.5 1.5 7 2
65  155 1 1.5 1.5 7 2
66  210 19 1.5 1.5 7 2
67  66 5 1.5 1.5 7 2
68  53 7 1.5 1.5 7 3
69  21 3 1.5 1.5 7 3
70  81 10 1.5 1.5 7 2
71  88 18 1.5 1.5 7 2
72  4 6 1.5 1.5 7 2
73  107 2 1.5 1.5 7 2
74  168 4 1.5 1.5 7 2
75  132 20 1.5 1.5 7 2
76  188 9 1.5 1.5 7 2
77  134 8 1.5 1.5 7 3
78  167 11 1.5 1.5 7 2
79  133 16 1.5 1.5 7 2
80  123 14 1.5 1.5 7 2
81  118 1 1.875 1.875 7 2
82  174 3 1.875 1.875 7 2
83  115 4 1.875 1.875 7 3
84  14 12 1.875 1.875 7 2
85  208 8 1.875 1.875 7 2
86  146 19 1.875 1.875 7 2
87  34 17 1.875 1.875 7 2
88  178 10 1.875 1.875 7 2
89  187 9 1.875 1.875 7 2
90  203 15 1.875 1.875 7 2
91  110 20 1.875 1.875 7 2
92  28 2 1.875 1.875 7 2
93  192 13 1.875 1.875 7 3
94  89 18 1.875 1.875 7 2
95  99 11 1.875 1.875 7 2
96  45 14 1.875 1.875 7 2
97  127 5 1.875 1.875 7 2
98  39 7 1.875 1.875 7 2
99  22 16 1.875 1.875 7 2
100  70 6 1.875 1.875 7 2
101  59 5 2.25 2.25 7 2
102  65 12 2.25 2.25 7 2
103  189 13 2.25 2.25 7 2
104  171 6 2.25 2.25 7 2
105  164 9 2.25 2.25 7 2
106  214 2 2.25 2.25 7 2
107  151 20 2.25 2.25 7 3
108  216 11 2.25 2.25 7 2
109  126 1 2.25 2.25 7 2
110  79 18 2.25 2.25 7 3
111  124 17 2.25 2.25 7 2
112  33 19 2.25 2.25 7 2
113  159 8 2.25 2.25 7 3
114  200 3 2.25 2.25 7 2
115  24 14 2.25 2.25 7 2
116  77 16 2.25 2.25 7 3
117  10 15 2.25 2.25 7 2
118  114 7 2.25 2.25 7 2
119  215 10 2.25 2.25 7 2
120  148 4 2.25 2.25 7 3
121  141 10 2.625 2.625 7 2
122  199 3 2.625 2.625 7 2
123  11 19 2.625 2.625 7 2
124  46 4 2.625 2.625 7 5
125  52 6 2.625 2.625 7 3
126  12 2 2.625 2.625 7 2
127  186 18 2.625 2.625 7 2
128  137 16 2.625 2.625 7 2
129  121 5 2.625 2.625 7 7
130  58 7 2.625 2.625 7 3
131  6 11 2.625 2.625 7 3
132  49 17 2.625 2.625 7 3
133  111 8 2.625 2.625 7 3
134  51 14 2.625 2.625 7 3
135  48 9 2.625 2.625 7 2
136  19 12 2.625 2.625 7 2
137  209 1 2.625 2.625 7 2
138  100 15 2.625 2.625 7 2
139  116 20 2.625 2.625 7 3
140  96 13 2.625 2.625 7 2
141  198 12 3.0 3.0 7 3
142  29 20 3.0 3.0 7 3
143  169 10 3.0 3.0 7 3
144  9 16 3.0 3.0 7 2
145  57 8 3.0 3.0 7 2
146  112 15 3.0 3.0 7 2
147  8 4 3.0 3.0 7 6
148  26 2 3.0 3.0 7 2
149  85 9 3.0 3.0 7 2
150  161 6 3.0 3.0 7 3
151  55 1 3.0 3.0 7 2
152  195 19 3.0 3.0 7 3
153  153 5 3.0 3.0 7 3
154  154 13 3.0 3.0 7 2
155  63 18 3.0 3.0 7 2
156  102 14 3.0 3.0 7 2
157  205 3 3.0 3.0 7 3
158  97 11 3.0 3.0 7 2
159  98 7 3.0 3.0 7 2
160  158 17 3.0 3.0 7 2
161  120 5 3.375 3.375 7 2
162  202 12 3.375 3.375 7 3
163  93 4 3.375 3.375 7 2
164  37 8 3.375 3.375 7 2
165  156 7 3.375 3.375 7 2
166  15 13 3.375 3.375 7 3
167  117 16 3.375 3.375 7 2
168  3 14 3.375 3.375 7 2
169  206 20 3.375 3.375 7 2
170  197 1 3.375 3.375 7 2
171  42 11 3.375 3.375 7 2
172  182 18 3.375 3.375 7 2
173  204 9 3.375 3.375 7 2
174  135 6 3.375 3.375 7 2
175  50 15 3.375 3.375 7 2
176  163 2 3.375 3.375 7 2
177  92 3 3.375 3.375 7 2
178  162 19 3.375 3.375 7 2
179  142 10 3.375 3.375 7 2
180  166 17 3.375 3.375 7 2
181  1 8 3.75 3.75 7 2
182  84 18 3.75 3.75 7 2
183  82 9 3.75 3.75 7 3
184  35 2 3.75 3.75 7 2
185  109 19 3.75 3.75 7 2
186  176 12 3.75 3.75 7 2
187  179 7 3.75 3.75 7 2
188  95 13 3.75 3.75 7 3
189  157 10 3.75 3.75 7 2
190  181 3 3.75 3.75 7 2
191  108 16 3.75 3.75 7 2
192  67 20 3.75 3.75 7 2
193  44 1 3.75 3.75 7 2
194  160 5 3.75 3.75 7 2
195  54 14 3.75 3.75 7 2
196  106 4 3.75 3.75 7 2
197  62 6 3.75 3.75 7 2
198  150 11 3.75 3.75 7 2
199  139 15 3.75 3.75 7 2
200  177 17 3.75 3.75 7 1
201  145 16 3.75 3.75 7 2
202  47 6 3.75 3.75 7 2
202  80 4 3.75 3.75 11 3
203  83 8 3.75 3.75 7 2
203  91 5 3.75 3.75 11 2
203  175 13 3.75 3.75 15 2
204  71 7 3.75 3.75 7 2
204  152 14 3.75 3.75 11 2
204  184 12 3.75 3.75 15 5
204  131 3 3.75 3.75 19 2
205  180 2 3.75 3.75 7 2
205  86 17 3.75 3.75 11 3
205  201 20 3.75 3.75 15 2
206  36 3 3.75 3.75 7 2
206  130 17 3.75 3.75 11 2
206  61 11 3.75 3.75 15 2
206  185 15 3.75 3.75 19 3
206  72 8 3.75 3.75 23 3
207  193 10 3.75 3.75 7 2
207  172 19 3.75 3.75 11 2
207  144 4 3.75 3.75 15 2
207  76 16 3.75 3.75 19 2
207  183 2 3.75 3.75 23 3
207  149 9 3.75 3.75 27 2
208  143 13 3.75 3.75 7 2
208  194 5 3.75 3.75 11 3
208  213 5 3.75 3.75 15 2
208  101 7 3.75 3.75 19 2
208  122 20 3.75 3.75 23 2
208  103 3 3.75 3.75 27 2
208  94 12 3.75 3.75 31 2
209  68 6 3.75 3.75 7 3
209  131 14 3.75 3.75 11 3
209  78 2 3.75 3.75 15 2
209  43 10 3.75 3.75 19 3
209  104 4 3.75 3.75 23 3
209  125 17 3.75 3.75 27 3
209  91 20 3.75 3.75 31 3
210  170 11 3.75 3.75 7 2
210  212 7 3.75 3.75 11 3
210  201 5 3.75 3.75 15 3
210  175 8 3.75 3.75 19 2
210  64 11 3.75 3.75 23 2
210  80 14 3.75 3.75 27 2
210  60 17 3.75 3.75 31 3
211  173 9 3.75 3.75 7 2
211  190 1 3.75 3.75 11 3
211  130 20 3.75 3.75 15 2
211  119 17 3.75 3.75 19 5
211  61 4 3.75 3.75 23 2
211  152 12 3.75 3.75 27 2
211  136 16 3.75 3.75 31 3
211  87 6 3.75 3.75 35 2
212  105 19 3.75 3.75 7 2
212  147 8 3.75 3.75 11 2
212  69 16 3.75 3.75 15 2
212  144 15 3.75 3.75 19 3
212  129 12 3.75 3.75 23 2
212  76 18 3.75 3.75 27 3
212  56 3 3.75 3.75 31 4
212  196 13 3.75 3.75 35 2
212  86 20 3.75 3.75 39 2
212  41 5 3.75 3.75 43 2
212  149 7 3.75 3.75 47 2
212  138 13 3.75 3.75 51 2
213  191 15 3.75 3.75 7 3
213  213 17 3.75 3.75 11 3
213  165 12 3.75 3.75 15 2
213  101 2 3.75 3.75 19 2
213  122 1 3.75 3.75 23 2
213  74 19 3.75 3.75 27 2
213  103 2 3.75 3.75 31 2
213  185 5 3.75 3.75 35 2
214  128 12 3.75 3.75 7 2
214  113 7 3.75 3.75 11 2
214  94 10 3.75 3.75 15 2
214  78 18 3.75 3.75 19 2
214  73 14 3.75 3.75 23 5
214  72 5 3.75 3.75 27 3
214  66 11 3.75 3.75 31 2
214  210 8 3.75 3.75 35 2
214  172 2 3.75 3.75 39 1
214  155 4 3.75 3.75 43 2
215  75 20 3.75 3.75 7 2
215  183 20 3.75 3.75 11 2
215  168 17 3.75 3.75 15 2
215  140 4 3.75 3.75 19 2
215  211 9 3.75 3.75 23 2
215  175 8 3.75 3.75 27 2
215  107 14 3.75 3.75 31 2
215  64 10 3.75 3.75 35 3
215  207 6 3.75 3.75 39 2
215  194 11 3.75 3.75 43 2
215  80 12 3.75 3.75 47 2
215  88 16 3.75 3.75 51 2
216  90 4 3.75 3.75 7 2
216  81 14 3.75 3.75 11 3
216  152 20 3.75 3.75 15 3
216  133 1 3.75 3.75 19 2
216  184 3 3.75 3.75 23 2
216  167 17 3.75 3.75 27 2
216  87 4 3.75 3.75 31 4
216  53 13 3.75 3.75 35 2
216  134 7 3.75 3.75 39 2
216  131 5 3.75 3.75 43 2
216  43 7 3.75 3.75 47 2
216  188 13 3.75 3.75 51 3
216  104 5 3.75 3.75 55 2
216  132 20 3.75 3.75 59 3
246  125 8 3.75 3.75 6 2
246  196 12 3.75 3.75 10 2
246  91 16 3.75 3.75 14 2
246  86 19 3.75 3.75 18 2
246  41 8 3.75 3.75 22 2
246  212 2 3.75 3.75 26 3
246  201 10 3.75 3.75 30 2
246  149 5 3.75 3.75 34 2
246  138 9 3.75 3.75 38 2
246  115 2 3.75 3.75 42 2
246  174 16 3.75 3.75 46 2
246  60 1 3.75 3.75 50 2
246  130 15 3.75 3.75 54 2
246  118 19 3.75 3.75 58 2
246  123 12 3.75 3.75 62 2
246  61 20 3.75 3.75 66 2
276  165 1 3.75 3.75 6 2
276  110 2 3.75 3.75 10 2
276  203 13 3.75 3.75 14 3
276  122 18 3.75 3.75 18 2
276  74 18 3.75 3.75 22 2
276  187 11 3.75 3.75 26 3
276  136 4 3.75 3.75 30 2
276  103 15 3.75 3.75 34 2
276  185 8 3.75 3.75 38 2
276  178 14 3.75 3.75 42 2
276  172 5 3.75 3.75 46 3
276  147 18 3.75 3.75 50 2
276  146 11 3.75 3.75 54 2
276  69 7 3.75 3.75 58 2
276  208 10 3.75 3.75 62 6
276  129 6 3.75 3.75 66 2
306  70 17 3.75 3.75 6 2
306  113 5 3.75 3.75 10 2
306  94 16 3.75 3.75 14 3
306  127 11 3.75 3.75 18 2
306  78 6 3.75 3.75 22 7
306  66 12 3.75 3.75 26 2
306  210 12 3.75 3.75 30 2
306  45 8 3.75 3.75 34 2
306  155 13 3.75 3.75 38 2
306  144 14 3.75 3.75 42 3
306  99 9 3.75 3.75 46 2
306  76 17 3.75 3.75 50 3
306  89 20 3.75 3.75 54 2
306  192 4 3.75 3.75 58 1
306  190 6 3.75 3.75 62 5
306  101 9 3.75 3.75 66 3
336  164 3 3.75 3.75 6 2
336  183 2 3.75 3.75 10 3
336  171 5 3.75 3.75 14 2
336  168 7 3.75 3.75 18 2
336  140 5 3.75 3.75 22 2
336  211 7 3.75 3.75 26 2
336  189 20 3.75 3.75 30 3
336  175 5 3.75 3.75 34 2
336  107 13 3.75 3.75 38 2
336  207 17 3.75 3.75 42 2
336  194 11 3.75 3.75 46 2
336  80 3 3.75 3.75 50 3
336  65 1 3.75 3.75 54 2
336  213 1 3.75 3.75 58 2
336  88 18 3.75 3.75 62 6
336  59 17 3.75 3.75 66 2
366  124 17 3.75 3.75 6 3
366  79 10 3.75 3.75 10 4
366  133 8 3.75 3.75 14 2
366  126 3 3.75 3.75 18 2
366  216 20 3.75 3.75 22 2
366  184 16 3.75 3.75 26 2
366  167 13 3.75 3.75 30 2
366  53 7 3.75 3.75 34 2
366  151 20 3.75 3.75 38 3
366  134 10 3.75 3.75 42 2
366  131 14 3.75 3.75 46 2
366  72 4 3.75 3.75 50 3
366  43 10 3.75 3.75 54 2
366  214 3 3.75 3.75 58 2
366  104 4 3.75 3.75 62 2
366  56 6 3.75 3.75 66 2
396  52 18 3.75 3.75 6 2
396  46 14 3.75 3.75 10 2
396  199 16 3.75 3.75 14 2
396  141 4 3.75 3.75 18 3
396  148 5 3.75 3.75 22 2
396  81 7 3.75 3.75 26 2
396  215 17 3.75 3.75 30 3
396  152 8 3.75 3.75 34 3
396  114 14 3.75 3.75 38 2
396  188 9 3.75 3.75 42 5
396  77 1 3.75 3.75 46 2
396  132 15 3.75 3.75 50 2
396  200 20 3.75 3.75 54 2
396  159 13 3.75 3.75 58 2
396  64 12 3.75 3.75 62 2
396  119 10 3.75 3.75 66 2
426  169 8 3.75 3.75 6 2
426  198 15 3.75 3.75 10 2
426  96 9 3.75 3.75 14 3
426  116 6 3.75 3.75 18 4
426  100 1 3.75 3.75 22 3
426  209 19 3.75 3.75 26 2
426  48 5 3.75 3.75 30 2
426  51 13 3.75 3.75 34 2
426  111 18 3.75 3.75 38 3
426  49 14 3.75 3.75 42 2
426  58 3 3.75 3.75 46 1
426  121 11 3.75 3.75 50 2
426  137 7 3.75 3.75 54 2
426  87 17 3.75 3.75 58 2
426  186 5 3.75 3.75 62 2
426  73 12 3.75 3.75 66 2
456  202 4 3.75 3.75 6 2
456  120 7 3.75 3.75 10 3
456  158 16 3.75 3.75 14 2
456  98 20 3.75 3.75 18 2
456  97 1 3.75 3.75 22 3
456  205 11 3.75 3.75 26 3
456  102 18 3.75 3.75 30 2
456  63 9 3.75 3.75 34 2
456  154 6 3.75 3.75 38 2
456  153 15 3.75 3.75 42 2
456  195 2 3.75 3.75 46 3
456  55 3 3.75 3.75 50 2
456  161 19 3.75 3.75 54 3
456  85 10 3.75 3.75 58 3
456  112 17 3.75 3.75 62 3
456  57 18 3.75 3.75 66 2
486  84 9 3.75 3.75 6 2
486  166 19 3.75 3.75 10 2
486  142 12 3.75 3.75 14 2
486  162 7 3.75 3.75 18 3
486  92 13 3.75 3.75 22 2
486  163 10 3.75 3.75 26 2
486  50 3 3.75 3.75 30 3
486  135 16 3.75 3.75 34 2
486  204 20 3.75 3.75 38 2
486  182 1 3.75 3.75 42 2
486  42 5 3.75 3.75 46 2
486  197 14 3.75 3.75 50 2
486  206 4 3.75 3.75 54 2
486  117 6 3.75 3.75 58 2
486  156 11 3.75 3.75 62 2
486  93 15 3.75 3.75 66 2
516  139 17 3.75 3.75 6 2
516  150 16 3.75 3.75 10 2
516  62 6 3.75 3.75 14 2
516  106 8 3.75 3.75 18 3
516  54 7 3.75 3.75 22 2
516  160 2 3.75 3.75 26 2
516  44 10 3.75 3.75 30 3
516  67 13 3.75 3.75 34 2
516  108 6 3.75 3.75 38 2
516  181 11 3.75 3.75 42 4
516  157 9 3.75 3.75 46 2
516  95 19 3.75 3.75 50 2
516  179 15 3.75 3.75 54 2
516  176 12 3.75 3.75 58 3
516  109 20 3.75 3.75 62 2
516  82 4 3.75 3.75 66 2
546  90 12 3.75 3.75 6 2
546  75 20 3.75 3.75 10 2
546  128 15 3.75 3.75 14 3
546  191 19 3.75 3.75 18 3
546  105 16 3.75 3.75 22 2
546  173 1 3.75 3.75 26 2
546  170 2 3.75 3.75 30 2
546  68 4 3.75 3.75 34 2
546  143 10 3.75 3.75 38 3
546  193 5 3.75 3.75 42 2
546  180 9 3.75 3.75 46 2
546  71 19 3.75 3.75 50 2
546  83 12 3.75 3.75 54 2
546  47 16 3.75 3.75 58 2
546  145 8 3.75 3.75 62 2
546  177 6 3.75 3.75 66 2
576  129 8 3.75 3.75 6 3
576  196 18 3.75 3.75 10 1
576  91 11 3.75 3.75 14 2
576  86 7 3.75 3.75 18 2
576  41 14 3.75 3.75 22 2
576  201 8 3.75 3.75 26 2
576  192 15 3.75 3.75 30 2
576  149 4 3.75 3.75 34 2
576  138 18 3.75 3.75 38 2
576  115 18 3.75 3.75 42 2
576  174 2 3.75 3.75 46 2
576  60 1 3.75 3.75 50 2
576  130 2 3.75 3.75 54 2
576  118 20 3.75 3.75 58 2
576  123 13 3.75 3.75 62 2
576  61 9 3.75 3.75 66 2
606  155 12 3.75 3.75 6 2
606  99 8 3.75 3.75 10 2
606  89 5 3.75 3.75 14 4
606  212 11 3.75 3.75 18 3
606  165 12 3.75 3.75 22 3
606  110 5 3.75 3.75 26 2
606  122 11 3.75 3.75 30 2
606  74 13 3.75 3.75 34 2
606  136 17 3.75 3.75 38 2
606  103 17 3.75 3.75 42 2
606  185 1 3.75 3.75 46 2
606  178 9 3.75 3.75 50 2
606  147 11 3.75 3.75 54 2
606  146 17 3.75 3.75 58 2
606  69 1 3.75 3.75 62 2
606  125 5 3.75 3.75 66 2
636  175 7 3.75 3.75 6 2
636  207 13 3.75 3.75 10 2
636  194 5 3.75 3.75 14 2
636  65 7 3.75 3.75 18 2
636  213 5 3.75 3.75 22 2
636  101 17 3.75 3.75 26 2
636  59 6 3.75 3.75 30 3
636  203 14 3.75 3.75 34 2
636  70 3 3.75 3.75 38 2
636  187 3 3.75 3.75 42 2
636  113 4 3.75 3.75 46 2
636  127 10 3.75 3.75 50 2
636  66 10 3.75 3.75 54 2
636  210 14 3.75 3.75 58 2
636  172 13 3.75 3.75 62 2
636  45 16 3.75 3.75 66 2
666  184 20 3.75 3.75 6 2
666  167 16 3.75 3.75 10 2
666  134 7 3.75 3.75 14 2
666  131 8 3.75 3.75 18 2
666  43 3 3.75 3.75 22 2
666  214 10 3.75 3.75 26 2
666  104 3 3.75 3.75 30 2
666  164 13 3.75 3.75 34 7
666  144 12 3.75 3.75 38 3
666  76 20 3.75 3.75 42 1
666  56 2 3.75 3.75 46 2
666  171 20 3.75 3.75 50 2
666  168 15 3.75 3.75 54 2
666  140 1 3.75 3.75 58 2
666  211 20 3.75 3.75 62 3
666  107 4 3.75 3.75 66 2
696  151 14 3.75 3.75 6 3
696  72 7 3.75 3.75 10 2
696  77 3 3.75 3.75 14 2
696  132 5 3.75 3.75 18 3
696  200 6 3.75 3.75 22 2
696  183 17 3.75 3.75 26 2
696  189 16 3.75 3.75 30 2
696  159 14 3.75 3.75 34 2
696  64 18 3.75 3.75 38 2
696  80 10 3.75 3.75 42 2
696  119 12 3.75 3.75 46 2
696  133 5 3.75 3.75 50 1
696  126 17 3.75 3.75 54 3
696  216 7 3.75 3.75 58 2
696  94 17 3.75 3.75 62 3
696  53 8 3.75 3.75 66 2
726  215 11 3.75 3.75 6 2
726  152 10 3.75 3.75 10 2
726  137 4 3.75 3.75 14 2
726  87 14 3.75 3.75 18 4
726  186 13 3.75 3.75 22 2
726  73 5 3.75 3.75 26 2
726  208 19 3.75 3.75 30 2
726  52 18 3.75 3.75 34 2
726  46 15 3.75 3.75 38 2
726  199 8 3.75 3.75 42 2
726  190 18 3.75 3.75 46 3
726  124 18 3.75 3.75 50 2
726  148 9 3.75 3.75 54 3
726  81 6 3.75 3.75 58 2
726  58 1 3.75 3.75 62 3
726  114 9 3.75 3.75 66 2
756  96 3 3.75 3.75 6 2
756  100 15 3.75 3.75 10 2
756  78 6 3.75 3.75 14 3
756  188 9 3.75 3.75 18 3
756  57 18 3.75 3.75 22 2
756  169 17 3.75 3.75 26 2
756  111 10 3.75 3.75 30 2
756  198 20 3.75 3.75 34 2
756  88 6 3.75 3.75 38 2
756  209 19 3.75 3.75 42 2
756  48 16 3.75 3.75 46 2
756  51 4 3.75 3.75 50 3
756  49 2 3.75 3.75 54 2
756  141 15 3.75 3.75 58 2
756  79 11 3.75 3.75 62 2
756  121 6 3.75 3.75 66 2
786  117 11 3.75 3.75 6 2
786  156 1 3.75 3.75 10 2
786  93 4 3.75 3.75 14 3
786  202 14 3.75 3.75 18 2
786  195 7 3.75 3.75 22 2
786  161 5 3.75 3.75 26 2
786  158 1 3.75 3.75 30 2
786  116 20 3.75 3.75 34 2
786  98 16 3.75 3.75 38 2
786  85 10 3.75 3.75 42 3
786  112 13 3.75 3.75 46 2
786  102 12 3.75 3.75 50 2
786  63 19 3.75 3.75 54 2
786  154 9 3.75 3.75 58 2
786  153 4 3.75 3.75 62 2
786  55 3 3.75 3.75 66 2
816  50 20 3.75 3.75 6 2
816  82 15 3.75 3.75 10 2
816  84 7 3.75 3.75 14 2
816  166 19 3.75 3.75 18 6
816  142 9 3.75 3.75 22 2
816  92 6 3.75 3.75 26 2
816  163 13 3.75 3.75 30 1
816  135 2 3.75 3.75 34 2
816  204 7 3.75 3.75 38 2
816  182 12 3.75 3.75 42 3
816  120 6 3.75 3.75 46 2
816  42 16 3.75 3.75 50 2
816  197 17 3.75 3.75 54 3
816  206 6 3.75 3.75 58 2
816  97 8 3.75 3.75 62 3
816  205 16 3.75 3.75 66 2
846  47 10 3.75 3.75 6 2
846  145 12 3.75 3.75 10 2
846  177 19 3.75 3.75 14 2
846  139 9 3.75 3.75 18 3
846  150 8 3.75 3.75 22 2
846  62 5 3.75 3.75 26 2
846  176 4 3.75 3.75 30 2
846  54 2 3.75 3.75 34 2
846  160 11 3.75 3.75 38 2
846  67 1 3.75 3.75 42 3
846  108 16 3.75 3.75 46 2
846  157 20 3.75 3.75 50 5
846  162 12 3.75 3.75 54 2
846  95 10 3.75 3.75 58 2
846  179 19 3.75 3.75 62 2
846  109 15 3.75 3.75 66 2
876  128 18 3.75 3.75 6 2
876  191 9 3.75 3.75 10 2
876  143 13 3.75 3.75 14 2
876  90 20 3.75 3.75 18 2
876  75 2 3.75 3.75 22 2
876  105 1 3.75 3.75 26 3
876  173 2 3.75 3.75 30 2
876  181 15 3.75 3.75 34 2
876  170 18 3.75 3.75 38 2
876  68 4 3.75 3.75 42 2
876  193 18 3.75 3.75 46 2
876  106 8 3.75 3.75 50 3
876  180 7 3.75 3.75 54 3
876  71 14 3.75 3.75 58 2
876  83 11 3.75 3.75 62 2
876  44 5 3.75 3.75 66 2
906  125 1 3.75 3.75 6 4
906  91 17 3.75 3.75 10 2
906  86 11 3.75 3.75 14 2
906  41 1 3.75 3.75 18 2
906  201 9 3.75 3.75 22 2
906  192 17 3.75 3.75 26 2
906  149 17 3.75 3.75 30 2
906  138 13 3.75 3.75 34 3
906  115 11 3.75 3.75 38 3
906  174 5 3.75 3.75 42 2
906  60 20 3.75 3.75 46 2
906  130 8 3.75 3.75 50 2
906  118 12 3.75 3.75 54 3
906  123 8 3.75 3.75 58 2
906  61 14 3.75 3.75 62 2
906  196 16 3.75 3.75 66 2
936  210 13 3.75 3.75 6 4
936  45 10 3.75 3.75 10 2
936  155 10 3.75 3.75 14 2
936  129 4 3.75 3.75 18 3
936  99 3 3.75 3.75 22 1
936  76 5 3.75 3.75 26 2
936  110 3 3.75 3.75 30 2
936  122 14 3.75 3.75 34 2
936  74 5 3.75 3.75 38 2
936  136 17 3.75 3.75 42 2
936  103 12 3.75 3.75 46 3
936  185 7 3.75 3.75 50 2
936  178 13 3.75 3.75 54 4
936  147 5 3.75 3.75 58 3
936  146 11 3.75 3.75 62 2
936  69 7 3.75 3.75 66 2
966  212 4 3.75 3.75 6 2
966  175 1 3.75 3.75 10 3
966  207 15 3.75 3.75 14 2
966  194 20 3.75 3.75 18 2
966  65 2 3.75 3.75 22 3
966  213 10 3.75 3.75 26 3
966  165 3 3.75 3.75 30 2
966  101 7 3.75 3.75 34 2
966  203 3 3.75 3.75 38 2
966  70 8 3.75 3.75 42 2
966  187 7 3.75 3.75 46 2
966  133 16 3.75 3.75 50 2
966  113 8 3.75 3.75 54 2
966  127 20 3.75 3.75 58 2
966  66 6 3.75 3.75 62 2
966  172 12 3.75 3.75 66 2
996  119 10 3.75 3.75 6 2
996  59 16 3.75 3.75 10 2
996  216 18 3.75 3.75 14 2
996  184 14 3.75 3.75 18 2
996  167 20 3.75 3.75 22 2
996  53 17 3.75 3.75 26 2
996  134 5 3.75 3.75 30 2
996  131 6 3.75 3.75 34 2
996  43 12 3.75 3.75 38 2
996  214 3 3.75 3.75 42 2
996  104 7 3.75 3.75 46 2
996  56 9 3.75 3.75 50 2
996  171 17 3.75 3.75 54 3
996  168 17 3.75 3.75 58 2
996  140 6 3.75 3.75 62 3
996  107 18 3.75 3.75 66 2
1026  124 8 3.75 3.75 6 2
1026  81 15 3.75 3.75 10 2
1026  126 5 3.75 3.75 14 2
1026  114 18 3.75 3.75 18 2
1026  94 19 3.75 3.75 22 2
1026  72 5 3.75 3.75 26 2
1026  77 14 3.75 3.75 30 2
1026  144 13 3.75 3.75 34 2
1026  200 4 3.75 3.75 38 2
1026  183 11 3.75 3.75 42 2
1026  89 10 3.75 3.75 46 3
1026  211 6 3.75 3.75 50 3
1026  189 11 3.75 3.75 54 2
1026  159 9 3.75 3.75 58 2
1026  64 1 3.75 3.75 62 4
1026  80 18 3.75 3.75 66 2
1056  190 15 3.75 3.75 6 2
1056  148 2 3.75 3.75 10 2
1056  79 16 3.75 3.75 14 3
1056  58 19 3.75 3.75 18 2
1056  215 20 3.75 3.75 22 2
1056  152 6 3.75 3.75 26 2
1056  121 10 3.75 3.75 30 2
1056  137 17 3.75 3.75 34 2
1056  186 4 3.75 3.75 38 2
1056  151 18 3.75 3.75 42 2
1056  73 15 3.75 3.75 46 3
1056  208 14 3.75 3.75 50 2
1056  132 3 3.75 3.75 54 2
1056  52 3 3.75 3.75 58 2
1056  46 4 3.75 3.75 62 2
1056  199 9 3.75 3.75 66 3
1086  154 19 3.75 3.75 6 2
1086  153 13 3.75 3.75 10 3
1086  55 9 3.75 3.75 14 2
1086  96 12 3.75 3.75 18 2
1086  100 13 3.75 3.75 22 2
1086  87 6 3.75 3.75 26 2
1086  57 16 3.75 3.75 30 3
1086  51 20 3.75 3.75 34 2
1086  169 5 3.75 3.75 38 3
1086  111 1 3.75 3.75 42 2
1086  198 7 3.75 3.75 46 2
1086  88 14 3.75 3.75 50 2
1086  209 1 3.75 3.75 54 2
1086  48 13 3.75 3.75 58 2
1086  49 11 3.75 3.75 62 2
1086  141 16 3.75 3.75 66 2
1116  205 10 3.75 3.75 6 2
1116  117 6 3.75 3.75 10 2
1116  163 16 3.75 3.75 14 2
1116  156 6 3.75 3.75 18 2
1116  202 7 3.75 3.75 22 2
1116  195 4 3.75 3.75 26 2
1116  161 2 3.75 3.75 30 2
1116  158 6 3.75 3.75 34 2
1116  116 8 3.75 3.75 38 2
1116  98 9 3.75 3.75 42 2
1116  78 17 3.75 3.75 46 2
1116  188 12 3.75 3.75 50 2
1116  112 7 3.75 3.75 54 2
1116  102 15 3.75 3.75 58 2
1116  164 20 3.75 3.75 62 3
1116  63 15 3.75 3.75 66 2
1146  109 19 3.75 3.75 6 2
1146  50 10 3.75 3.75 10 2
1146  82 12 3.75 3.75 14 2
1146  182 16 3.75 3.75 18 2
1146  84 11 3.75 3.75 22 2
1146  197 2 3.75 3.75 26 2
1146  142 4 3.75 3.75 30 2
1146  97 5 3.75 3.75 34 3
1146  92 8 3.75 3.75 38 2
1146  135 19 3.75 3.75 42 2
1146  204 12 3.75 3.75 46 2
1146  93 10 3.75 3.75 50 2
1146  120 1 3.75 3.75 54 2
1146  42 11 3.75 3.75 58 2
1146  206 5 3.75 3.75 62 2
1146  85 14 3.75 3.75 66 2
1176  71 18 3.75 3.75 6 3
1176  83 9 3.75 3.75 10 2
1176  44 4 3.75 3.75 14 3
1176  67 15 3.75 3.75 18 2
1176  47 18 3.75 3.75 22 3
1176  145 2 3.75 3.75 26 2
1176  177 7 3.75 3.75 30 2
1176  150 2 3.75 3.75 34 2
1176  62 8 3.75 3.75 38 2
1176  176 20 3.75 3.75 42 2
1176  54 13 3.75 3.75 46 2
1176  160 20 3.75 3.75 50 2
1176  108 19 3.75 3.75 54 2
1176  162 1 3.75 3.75 58 3
1176  95 9 3.75 3.75 62 2
1176  179 18 3.75 3.75 66 2
1206  128 16 3.75 3.75 6 2
1206  191 8 3.75 3.75 10 2
1206  105 14 3.75 3.75 14 2
1206  166 8 3.75 3.75 18 2
1206  157 5 3.75 3.75 22 2
1206  143 20 3.75 3.75 26 3
1206  106 9 3.75 3.75 30 2
1206  90 17 3.75 3.75 34 2
1206  180 17 3.75 3.75 38 2
1206  75 11 3.75 3.75 42 2
1206  173 1 3.75 3.75 46 2
1206  181 17 3.75 3.75 50 2
1206  170 3 3.75 3.75 54 2
1206  139 7 3.75 3.75 58 3
1206  68 11 3.75 3.75 62 3
1206  193 7 3.75 3.75 66 2
1236  185 17 3.75 3.75 6 2
1236  146 5 3.75 3.75 10 2
1236  69 14 3.75 3.75 14 2
1236  99 12 3.75 3.75 18 3
1236  91 3 3.75 3.75 22 2
1236  86 13 3.75 3.75 26 2
1236  41 11 3.75 3.75 30 2
1236  201 5 3.75 3.75 34 2
1236  192 10 3.75 3.75 38 2
1236  149 12 3.75 3.75 42 2
1236  174 10 3.75 3.75 46 3
1236  60 5 3.75 3.75 50 2
1236  130 6 3.75 3.75 54 2
1236  123 20 3.75 3.75 58 2
1236  61 8 3.75 3.75 62 2
1236  196 16 3.75 3.75 66 2
1266  133 7 3.75 3.75 6 2
1266  113 12 3.75 3.75 10 4
1266  127 3 3.75 3.75 14 2
1266  66 8 3.75 3.75 18 3
1266  172 7 3.75 3.75 22 2
1266  147 3 3.75 3.75 26 2
1266  45 20 3.75 3.75 30 2
1266  155 15 3.75 3.75 34 2
1266  76 18 3.75 3.75 38 3
1266  138 4 3.75 3.75 42 2
1266  115 17 3.75 3.75 46 1
1266  118 4 3.75 3.75 50 3
1266  110 9 3.75 3.75 54 2
1266  122 1 3.75 3.75 58 2
1266  74 7 3.75 3.75 62 2
1266  136 3 3.75 3.75 66 2
1296  214 5 3.75 3.75 6 2
1296  104 12 3.75 3.75 10 2
1296  129 6 3.75 3.75 14 2
1296  125 13 3.75 3.75 18 2
1296  56 20 3.75 3.75 22 2
1296  168 18 3.75 3.75 26 2
1296  212 17 3.75 3.75 30 3
1296  107 14 3.75 3.75 34 3
1296  207 16 3.75 3.75 38 3
1296  194 10 3.75 3.75 42 2
1296  165 10 3.75 3.75 46 3
1296  101 18 3.75 3.75 50 2
1296  203 2 3.75 3.75 54 3
1296  70 9 3.75 3.75 58 4
1296  187 11 3.75 3.75 62 2
1296  103 1 3.75 3.75 66 2
1326  189 11 3.75 3.75 6 2
1326  175 6 3.75 3.75 10 2
1326  159 4 3.75 3.75 14 2
1326  80 17 3.75 3.75 18 2
1326  65 13 3.75 3.75 22 9
1326  213 14 3.75 3.75 26 3
1326  119 13 3.75 3.75 30 2
1326  59 5 3.75 3.75 34 2
1326  216 19 3.75 3.75 38 2
1326  184 18 3.75 3.75 42 2
1326  178 5 3.75 3.75 46 5
1326  167 15 3.75 3.75 50 2
1326  53 8 3.75 3.75 54 3
1326  134 6 3.75 3.75 58 2
1326  131 10 3.75 3.75 62 2
1326  43 4 3.75 3.75 66 2
1356  89 3 3.75 3.75 6 2
1356  46 3 3.75 3.75 10 2
1356  211 14 3.75 3.75 14 2
1356  124 4 3.75 3.75 18 2
1356  81 18 3.75 3.75 22 2
1356  126 17 3.75 3.75 26 3
1356  114 6 3.75 3.75 30 2
1356  94 20 3.75 3.75 34 2
1356  72 10 3.75 3.75 38 2
1356  210 19 3.75 3.75 42 2
1356  77 2 3.75 3.75 46 2
1356  144 15 3.75 3.75 50 2
1356  200 16 3.75 3.75 54 2
1356  183 9 3.75 3.75 58 2
1356  171 11 3.75 3.75 62 2
1356  140 1 3.75 3.75 66 3
1386  64 13 3.75 3.75 6 2
1386  199 1 3.75 3.75 10 2
1386  49 15 3.75 3.75 14 3
1386  190 16 3.75 3.75 18 2
1386  141 7 3.75 3.75 22 2
1386  148 14 3.75 3.75 26 2
1386  58 1 3.75 3.75 30 2
1386  215 20 3.75 3.75 34 2
1386  152 13 3.75 3.75 38 3
1386  121 6 3.75 3.75 42 2
1386  137 12 3.75 3.75 46 2
1386  186 9 3.75 3.75 50 3
1386  151 5 3.75 3.75 54 2
1386  208 19 3.75 3.75 58 3
1386  132 15 3.75 3.75 62 2
1386  52 16 3.75 3.75 66 2
1416  63 12 3.75 3.75 6 3
1416  57 15 3.75 3.75 10 2
1416  154 7 3.75 3.75 14 3
1416  169 17 3.75 3.75 18 2
1416  55 8 3.75 3.75 22 2
1416  96 9 3.75 3.75 26 2
1416  100 2 3.75 3.75 30 3
1416  87 6 3.75 3.75 34 2
1416  51 4 3.75 3.75 38 1
1416  111 7 3.75 3.75 42 3
1416  198 13 3.75 3.75 46 2
1416  88 6 3.75 3.75 50 2
1416  79 20 3.75 3.75 54 2
1416  209 16 3.75 3.75 58 3
1416  73 10 3.75 3.75 62 2
1416  48 6 3.75 3.75 66 2
1446  205 14 3.75 3.75 6 2
1446  117 5 3.75 3.75 10 2
1446  163 1 3.75 3.75 14 2
1446  164 11 3.75 3.75 18 2
1446  156 12 3.75 3.75 22 2
1446  153 10 3.75 3.75 26 1
1446  202 19 3.75 3.75 30 2
1446  195 8 3.75 3.75 34 2
1446  161 4 3.75 3.75 38 2
1446  158 2 3.75 3.75 42 2
1446  116 11 3.75 3.75 46 2
1446  98 16 3.75 3.75 50 2
1446  78 12 3.75 3.75 54 2
1446  188 10 3.75 3.75 58 2
1446  112 19 3.75 3.75 62 2
1446  102 18 3.75 3.75 66 2
1476  179 5 3.75 3.75 6 3
1476  109 9 3.75 3.75 10 3
1476  50 19 3.75 3.75 14 2
1476  82 20 3.75 3.75 18 2
1476  182 13 3.75 3.75 22 2
1476  84 20 3.75 3.75 26 3
1476  197 8 3.75 3.75 30 3
1476  142 1 3.75 3.75 34 3
1476  92 2 3.75 3.75 38 3
1476  135 7 3.75 3.75 42 3
1476  204 2 3.75 3.75 46 2
1476  93 15 3.75 3.75 50 2
1476  120 9 3.75 3.75 54 2
1476  42 7 3.75 3.75 58 2
1476  206 17 3.75 3.75 62 2
1476  85 3 3.75 3.75 66 2
1506  181 1 3.75 3.75 6 4
1506  170 18 3.75 3.75 10 2
1506  193 4 3.75 3.75 14 3
1506  83 18 3.75 3.75 18 3
1506  67 17 3.75 3.75 22 1
1506  145 11 3.75 3.75 26 2
1506  177 17 3.75 3.75 30 2
1506  162 9 3.75 3.75 34 2
1506  150 5 3.75 3.75 38 2
1506  62 11 3.75 3.75 42 3
1506  176 7 3.75 3.75 46 3
1506  54 8 3.75 3.75 50 2
1506  160 14 3.75 3.75 54 2
1506  108 8 3.75 3.75 58 3
1506  97 16 3.75 3.75 62 2
1506  95 20 3.75 3.75 66 3
1536  143 16 3.75 3.75 6 2
1536  128 8 3.75 3.75 10 4
1536  191 20 3.75 3.75 14 2
1536  105 6 3.75 3.75 18 3
1536  166 5 3.75 3.75 22 3
1536  157 12 3.75 3.75 26 2
1536  139 10 3.75 3.75 30 3
1536  68 5 3.75 3.75 34 2
1536  106 17 3.75 3.75 38 2
1536  90 13 3.75 3.75 42 2
1536  180 11 3.75 3.75 46 2
1536  75 3 3.75 3.75 50 2
1536  71 14 3.75 3.75 54 2
1536  44 5 3.75 3.75 58 3
1536  47 17 3.75 3.75 62 2
1536  173 3 3.75 3.75 66 2
1566  136 7 3.75 3.75 6 2
1566  185 1 3.75 3.75 10 2
1566  146 9 3.75 3.75 14 2
1566  69 10 3.75 3.75 18 2
1566  91 4 3.75 3.75 22 2
1566  86 12 3.75 3.75 26 2
1566  41 15 3.75 3.75 30 3
1566  201 20 3.75 3.75 34 3
1566  192 3 3.75 3.75 38 2
1566  149 7 3.75 3.75 42 2
1566  115 3 3.75 3.75 46 2
1566  60 1 3.75 3.75 50 2
1566  130 7 3.75 3.75 54 2
1566  123 11 3.75 3.75 58 2
1566  61 18 3.75 3.75 62 2
1566  196 4 3.75 3.75 66 2
1596  118 10 3.75 3.75 6 2
1596  101 18 3.75 3.75 10 2
1596  187 13 3.75 3.75 14 2
1596  133 18 3.75 3.75 18 2
1596  103 6 3.75 3.75 22 2
1596  127 20 3.75 3.75 26 2
1596  172 12 3.75 3.75 30 2
1596  147 5 3.75 3.75 34 3
1596  45 6 3.75 3.75 38 2
1596  155 10 3.75 3.75 42 2
1596  99 8 3.75 3.75 46 2
1596  138 4 3.75 3.75 50 2
1596  174 15 3.75 3.75 54 2
1596  110 19 3.75 3.75 58 2
1596  122 18 3.75 3.75 62 3
1596  74 2 3.75 3.75 66 2
1626  203 5 3.75 3.75 6 2
1626  216 10 3.75 3.75 10 2
1626  184 13 3.75 3.75 14 2
1626  167 16 3.75 3.75 18 2
1626  134 17 3.75 3.75 22 2
1626  131 6 3.75 3.75 26 3
1626  66 4 3.75 3.75 30 2
1626  43 14 3.75 3.75 34 2
1626  214 17 3.75 3.75 38 2
1626  104 11 3.75 3.75 42 2
1626  129 9 3.75 3.75 46 2
1626  125 11 3.75 3.75 50 2
1626  76 16 3.75 3.75 54 2
1626  56 15 3.75 3.75 58 2
1626  168 19 3.75 3.75 62 3
1626  194 2 3.75 3.75 66 2
1656  210 10 3.75 3.75 6 2
1656  77 6 3.75 3.75 10 2
1656  144 20 3.75 3.75 14 3
1656  200 12 3.75 3.75 18 2
1656  183 8 3.75 3.75 22 3
1656  171 9 3.75 3.75 26 2
1656  212 18 3.75 3.75 30 2
1656  189 14 3.75 3.75 34 2
1656  175 4 3.75 3.75 38 2
1656  159 14 3.75 3.75 42 2
1656  107 1 3.75 3.75 46 3
1656  207 3 3.75 3.75 50 2
1656  80 3 3.75 3.75 54 2
1656  165 15 3.75 3.75 58 2
1656  119 16 3.75 3.75 62 2
1656  59 5 3.75 3.75 66 1
1686  151 12 3.75 3.75 6 2
1686  132 6 3.75 3.75 10 3
1686  52 17 3.75 3.75 14 2
1686  140 20 3.75 3.75 18 3
1686  89 14 3.75 3.75 22 2
1686  46 1 3.75 3.75 26 2
1686  211 7 3.75 3.75 30 2
1686  213 16 3.75 3.75 34 2
1686  124 1 3.75 3.75 38 2
1686  81 13 3.75 3.75 42 2
1686  70 4 3.75 3.75 46 2
1686  114 6 3.75 3.75 50 2
1686  113 19 3.75 3.75 54 3
1686  94 10 3.75 3.75 58 2
1686  53 9 3.75 3.75 62 2
1686  72 5 3.75 3.75 66 2
1716  178 13 3.75 3.75 6 4
1716  186 20 3.75 3.75 10 2
1716  73 6 3.75 3.75 14 3
1716  208 13 3.75 3.75 18 3
1716  48 15 3.75 3.75 22 3
1716  51 16 3.75 3.75 26 2
1716  64 6 3.75 3.75 30 2
1716  199 9 3.75 3.75 34 2
1716  190 8 3.75 3.75 38 2
1716  141 7 3.75 3.75 42 2
1716  148 10 3.75 3.75 46 2
1716  58 17 3.75 3.75 50 2
1716  215 15 3.75 3.75 54 2
1716  126 10 3.75 3.75 58 2
1716  121 19 3.75 3.75 62 2
1716  137 18 3.75 3.75 66 2
1746  188 12 3.75 3.75 6 3
1746  112 2 3.75 3.75 10 3
1746  102 11 3.75 3.75 14 2
1746  57 16 3.75 3.75 18 2
1746  169 4 3.75 3.75 22 3
1746  153 2 3.75 3.75 26 2
1746  111 8 3.75 3.75 30 2
1746  55 19 3.75 3.75 34 2
1746  96 7 3.75 3.75 38 2
1746  87 12 3.75 3.75 42 6
1746  209 12 3.75 3.75 46 2
1746  49 11 3.75 3.75 50 2
1746  198 1 3.75 3.75 54 2
1746  88 5 3.75 3.75 58 2
1746  79 14 3.75 3.75 62 2
1746  152 17 3.75 3.75 66 3
1776  206 3 3.75 3.75 6 2
1776  205 7 3.75 3.75 10 3
1776  117 9 3.75 3.75 14 2
1776  163 15 3.75 3.75 18 2
1776  164 2 3.75 3.75 22 4
1776  156 13 3.75 3.75 26 2
1776  63 13 3.75 3.75 30 4
1776  154 20 3.75 3.75 34 2
1776  202 7 3.75 3.75 38 2
1776  195 19 3.75 3.75 42 2
1776  161 2 3.75 3.75 46 2
1776  158 16 3.75 3.75 50 2
1776  116 1 3.75 3.75 54 2
1776  98 8 3.75 3.75 58 2
1776  100 20 3.75 3.75 62 2
1776  78 17 3.75 3.75 66 3
1806  84 14 3.75 3.75 6 2
1806  67 9 3.75 3.75 10 3
1806  197 8 3.75 3.75 14 2
1806  142 5 3.75 3.75 18 3
1806  97 20 3.75 3.75 22 2
1806  92 5 3.75 3.75 26 3
1806  50 9 3.75 3.75 30 2
1806  135 17 3.75 3.75 34 2
1806  82 8 3.75 3.75 38 2
1806  182 11 3.75 3.75 42 2
1806  65 7 3.75 3.75 46 2
1806  204 11 3.75 3.75 50 2
1806  93 18 3.75 3.75 54 1
1806  120 3 3.75 3.75 58 2
1806  42 17 3.75 3.75 62 2
1806  85 18 3.75 3.75 66 3
1836  83 14 3.75 3.75 6 2
1836  47 11 3.75 3.75 10 2
1836  173 3 3.75 3.75 14 2
1836  170 13 3.75 3.75 18 2
1836  62 17 3.75 3.75 22 3
1836  176 4 3.75 3.75 26 2
1836  145 5 3.75 3.75 30 2
1836  108 12 3.75 3.75 34 2
1836  177 20 3.75 3.75 38 2
1836  162 5 3.75 3.75 42 2
1836  150 16 3.75 3.75 46 2
1836  95 10 3.75 3.75 50 2
1836  179 5 3.75 3.75 54 3
1836  109 1 3.75 3.75 58 2
1836  54 6 3.75 3.75 62 2
1836  160 8 3.75 3.75 66 2
1866  128 4 3.75 3.75 6 2
1866  105 11 3.75 3.75 10 3
1866  181 18 3.75 3.75 14 2
1866  166 7 3.75 3.75 18 3
1866  139 1 3.75 3.75 22 2
1866  143 7 3.75 3.75 26 2
1866  191 3 3.75 3.75 30 2
1866  44 3 3.75 3.75 34 2
1866  157 4 3.75 3.75 38 2
1866  68 12 3.75 3.75 42 2
1866  193 9 3.75 3.75 46 2
1866  106 10 3.75 3.75 50 2
1866  90 1 3.75 3.75 54 2
1866  180 7 3.75 3.75 58 2
1866  75 2 3.75 3.75 62 3
1866  71 19 3.75 3.75 66 2
1896  110 15 3.75 3.75 6 2
1896  74 20 3.75 3.75 10 3
1896  136 4 3.75 3.75 14 2
1896  185 15 3.75 3.75 18 3
1896  146 8 3.75 3.75 22 2
1896  69 10 3.75 3.75 26 2
1896  91 12 3.75 3.75 30 2
1896  86 6 3.75 3.75 34 2
1896  192 20 3.75 3.75 38 2
1896  149 18 3.75 3.75 42 2
1896  115 6 3.75 3.75 46 2
1896  60 13 3.75 3.75 50 2
1896  130 18 3.75 3.75 54 2
1896  123 18 3.75 3.75 58 4
1896  61 5 3.75 3.75 62 2
1896  196 10 3.75 3.75 66 2
1926  118 2 3.75 3.75 6 2
1926  101 16 3.75 3.75 10 3
1926  59 11 3.75 3.75 14 2
1926  122 9 3.75 3.75 18 2
1926  187 15 3.75 3.75 22 3
1926  133 5 3.75 3.75 26 2
1926  103 17 3.75 3.75 30 2
1926  127 11 3.75 3.75 34 2
1926  172 4 3.75 3.75 38 2
1926  45 17 3.75 3.75 42 2
1926  155 14 3.75 3.75 46 3
1926  99 10 3.75 3.75 50 2
1926  41 16 3.75 3.75 54 4
1926  201 13 3.75 3.75 58 3
1926  138 5 3.75 3.75 62 2
1926  174 15 3.75 3.75 66 1
1956  165 16 3.75 3.75 6 5
1956  203 3 3.75 3.75 10 2
1956  216 3 3.75 3.75 14 3
1956  184 18 3.75 3.75 18 3
1956  167 14 3.75 3.75 22 2
1956  134 4 3.75 3.75 26 2
1956  66 14 3.75 3.75 30 3
1956  43 19 3.75 3.75 34 2
1956  214 9 3.75 3.75 38 3
1956  147 12 3.75 3.75 42 3
1956  104 10 3.75 3.75 46 2
1956  129 6 3.75 3.75 50 2
1956  125 6 3.75 3.75 54 2
1956  76 5 3.75 3.75 58 2
1956  56 9 3.75 3.75 62 3
1956  194 10 3.75 3.75 66 3
1986  94 6 3.75 3.75 6 2
1986  53 13 3.75 3.75 10 2
1986  131 4 3.75 3.75 14 2
1986  72 16 3.75 3.75 18 2
1986  210 1 3.75 3.75 22 3
1986  77 7 3.75 3.75 26 2
1986  200 1 3.75 3.75 30 2
1986  171 1 3.75 3.75 34 2
1986  168 14 3.75 3.75 38 2
1986  212 8 3.75 3.75 42 2
1986  189 20 3.75 3.75 46 2
1986  175 17 3.75 3.75 50 2
1986  159 12 3.75 3.75 54 2
1986  207 19 3.75 3.75 58 2
1986  80 18 3.75 3.75 62 2
1986  119 15 3.75 3.75 66 2
2016  215 10 3.75 3.75 6 2
2016  137 19 3.75 3.75 10 3
2016  113 17 3.75 3.75 14 2
2016  151 10 3.75 3.75 18 1
2016  144 7 3.75 3.75 22 3
2016  52 8 3.75 3.75 26 3
2016  183 9 3.75 3.75 30 2
2016  89 6 3.75 3.75 34 2
2016  46 16 3.75 3.75 38 2
2016  211 20 3.75 3.75 42 2
2016  107 6 3.75 3.75 46 2
2016  213 20 3.75 3.75 50 3
2016  124 14 3.75 3.75 54 2
2016  81 5 3.75 3.75 58 3
2016  70 1 3.75 3.75 62 2
2016  114 11 3.75 3.75 66 2
2046  49 13 3.75 3.75 6 2
2046  198 15 3.75 3.75 10 3
2046  88 12 3.75 3.75 14 2
2046  79 6 3.75 3.75 18 1
2046  186 17 3.75 3.75 22 2
2046  132 7 3.75 3.75 26 2
2046  140 19 3.75 3.75 30 2
2046  51 2 3.75 3.75 34 2
2046  64 8 3.75 3.75 38 2
2046  199 16 3.75 3.75 42 2
2046  190 11 3.75 3.75 46 3
2046  141 20 3.75 3.75 50 3
2046  148 13 3.75 3.75 54 2
2046  58 1 3.75 3.75 58 3
2046  126 8 3.75 3.75 62 3
2046  121 2 3.75 3.75 66 2
2076  161 16 3.75 3.75 6 3
2076  116 19 3.75 3.75 10 2
2076  98 7 3.75 3.75 14 3
2076  178 4 3.75 3.75 18 6
2076  100 18 3.75 3.75 22 2
2076  102 20 3.75 3.75 26 2
2076  57 13 3.75 3.75 30 3
2076  153 15 3.75 3.75 34 2
2076  111 12 3.75 3.75 38 3
2076  55 2 3.75 3.75 42 2
2076  96 9 3.75 3.75 46 2
2076  152 17 3.75 3.75 50 2
2076  209 3 3.75 3.75 54 2
2076  73 17 3.75 3.75 58 2
2076  208 3 3.75 3.75 62 2
2076  48 11 3.75 3.75 66 2
2106  204 7 3.75 3.75 6 3
2106  120 18 3.75 3.75 10 3
2106  42 7 3.75 3.75 14 2
2106  206 11 3.75 3.75 18 2
2106  117 8 3.75 3.75 22 2
2106  78 17 3.75 3.75 26 2
2106  188 9 3.75 3.75 30 2
2106  163 13 3.75 3.75 34 2
2106  112 2 3.75 3.75 38 3
2106  156 12 3.75 3.75 42 2
2106  154 20 3.75 3.75 46 3
2106  169 8 3.75 3.75 50 2
2106  93 14 3.75 3.75 54 2
2106  202 8 3.75 3.75 58 2
2106  195 6 3.75 3.75 62 2
2106  158 1 3.75 3.75 66 3
2136  109 5 3.75 3.75 6 2
2136  54 10 3.75 3.75 10 3
2136  160 5 3.75 3.75 14 2
2136  84 16 3.75 3.75 18 3
2136  197 5 3.75 3.75 22 2
2136  97 20 3.75 3.75 26 3
2136  87 5 3.75 3.75 30 2
2136  164 12 3.75 3.75 34 2
2136  63 9 3.75 3.75 38 2
2136  50 4 3.75 3.75 42 2
2136  135 5 3.75 3.75 46 3
2136  82 13 3.75 3.75 50 2
2136  182 3 3.75 3.75 54 2
2136  65 11 3.75 3.75 58 2
2136  85 14 3.75 3.75 62 3
2136  205 19 3.75 3.75 66 3
2166  71 7 3.75 3.75 6 3
2166  83 10 3.75 3.75 10 2
2166  47 1 3.75 3.75 14 2
2166  173 17 3.75 3.75 18 3
2166  170 9 3.75 3.75 22 3
2166  179 4 3.75 3.75 26 2
2166  176 12 3.75 3.75 30 2
2166  67 3 3.75 3.75 34 2
2166  145 3 3.75 3.75 38 2
2166  108 2 3.75 3.75 42 2
2166  177 7 3.75 3.75 46 2
2166  142 1 3.75 3.75 50 2
2166  162 18 3.75 3.75 54 2
2166  150 7 3.75 3.75 58 3
2166  95 11 3.75 3.75 62 3
2166  92 4 3.75 3.75 66 2
2196  128 10 3.75 3.75 6 2
2196  105 5 3.75 3.75 10 3
2196  166 18 3.75 3.75 14 2
2196  181 13 3.75 3.75 18 2
2196  139 15 3.75 3.75 22 2
2196  143 18 3.75 3.75 26 2
2196  75 20 3.75 3.75 30 2
2196  191 6 3.75 3.75 34 3
2196  44 6 3.75 3.75 38 3
2196  157 12 3.75 3.75 42 2
2196  68 8 3.75 3.75 46 2
2196  193 10 3.75 3.75 50 2
2196  62 4 3.75 3.75 54 3
2196  106 15 3.75 3.75 58 2
2196  90 5 3.75 3.75 62 2
2196  180 10 3.75 3.75 66 3
2226  99 17 3.75 3.75 6 2
2226  138 4 3.75 3.75 10 2
2226  110 11 3.75 3.75 14 3
2226  136 15 3.75 3.75 18 2
2226  146 5 3.75 3.75 22 3
2226  69 17 3.75 3.75 26 2
2226  91 9 3.75 3.75 30 3
2226  86 20 3.75 3.75 34 3
2226  192 18 3.75 3.75 38 2
2226  149 11 3.75 3.75 42 2
2226  115 2 3.75 3.75 46 2
2226  174 13 3.75 3.75 50 3
2226  60 14 3.75 3.75 54 3
2226  130 6 3.75 3.75 58 2
2226  61 6 3.75 3.75 62 2
2226  196 5 3.75 3.75 66 3
2256  155 10 3.75 3.75 6 3
2256  129 19 3.75 3.75 10 2
2256  125 4 3.75 3.75 14 2
2256  76 14 3.75 3.75 18 2
2256  201 15 3.75 3.75 22 2
2256  118 3 3.75 3.75 26 2
2256  59 16 3.75 3.75 30 2
2256  123 15 3.75 3.75 34 2
2256  122 18 3.75 3.75 38 2
2256  74 19 3.75 3.75 42 2
2256  133 10 3.75 3.75 46 2
2256  103 20 3.75 3.75 50 2
2256  185 8 3.75 3.75 54 2
2256  127 17 3.75 3.75 58 4
2256  172 12 3.75 3.75 62 3
2256  45 14 3.75 3.75 66 2
2286  168 1 3.75 3.75 6 2
2286  212 1 3.75 3.75 10 2
2286  189 16 3.75 3.75 14 2
2286  175 9 3.75 3.75 18 2
2286  159 7 3.75 3.75 22 2
2286  207 9 3.75 3.75 26 2
2286  194 12 3.75 3.75 30 2
2286  80 4 3.75 3.75 34 2
2286  119 16 3.75 3.75 38 2
2286  101 10 3.75 3.75 42 2
2286  203 14 3.75 3.75 46 2
2286  187 13 3.75 3.75 50 2
2286  167 11 3.75 3.75 54 2
2286  134 3 3.75 3.75 58 2
2286  43 6 3.75 3.75 62 3
2286  104 18 3.75 3.75 66 2
2316  216 1 3.75 3.75 6 1
2316  184 14 3.75 3.75 10 3
2316  114 20 3.75 3.75 14 3
2316  94 6 3.75 3.75 18 2
2316  53 9 3.75 3.75 22 2
2316  151 16 3.75 3.75 26 2
2316  131 6 3.75 3.75 30 1
2316  72 1 3.75 3.75 34 2
2316  66 17 3.75 3.75 38 2
2316  214 10 3.75 3.75 42 3
2316  147 2 3.75 3.75 46 2
2316  77 6 3.75 3.75 50 3
2316  56 13 3.75 3.75 54 2
2316  200 5 3.75 3.75 58 2
2316  171 20 3.75 3.75 62 2
2316  41 16 3.75 3.75 66 2
2346  199 8 3.75 3.75 6 6
2346  213 2 3.75 3.75 10 2
2346  148 19 3.75 3.75 14 2
2346  81 7 3.75 3.75 18 2
2346  79 7 3.75 3.75 22 2
2346  215 8 3.75 3.75 26 2
2346  121 17 3.75 3.75 30 2
2346  113 19 3.75 3.75 34 2
2346  210 8 3.75 3.75 38 2
2346  183 1 3.75 3.75 42 2
2346  89 20 3.75 3.75 46 2
2346  46 16 3.75 3.75 50 2
2346  211 11 3.75 3.75 54 2
2346  107 12 3.75 3.75 58 2
2346  124 13 3.75 3.75 62 2
2346  70 11 3.75 3.75 66 3
2376  48 3 3.75 3.75 6 2
2376  49 3 3.75 3.75 10 3
2376  190 17 3.75 3.75 14 2
2376  165 17 3.75 3.75 18 3
2376  141 9 3.75 3.75 22 2
2376  88 2 3.75 3.75 26 2
2376  58 15 3.75 3.75 30 2
2376  126 15 3.75 3.75 34 2
2376  137 20 3.75 3.75 38 2
2376  186 18 3.75 3.75 42 3
2376  144 19 3.75 3.75 46 2
2376  132 6 3.75 3.75 50 3
2376  52 8 3.75 3.75 54 4
2376  140 14 3.75 3.75 58 2
2376  51 8 3.75 3.75 62 2
2376  64 12 3.75 3.75 66 1
2406  169 12 3.75 3.75 6 2
2406  111 13 3.75 3.75 10 2
2406  93 13 3.75 3.75 14 2
2406  202 9 3.75 3.75 18 2
2406  195 17 3.75 3.75 22 2
2406  116 8 3.75 3.75 26 2
2406  100 11 3.75 3.75 30 6
2406  102 7 3.75 3.75 34 2
2406  153 1 3.75 3.75 38 2
2406  198 16 3.75 3.75 42 3
2406  55 7 3.75 3.75 46 4
2406  96 20 3.75 3.75 50 2
2406  152 2 3.75 3.75 54 3
2406  209 18 3.75 3.75 58 2
2406  73 11 3.75 3.75 62 3
2406  208 3 3.75 3.75 66 2
2436  182 7 3.75 3.75 6 2
2436  65 13 3.75 3.75 10 3
2436  120 9 3.75 3.75 14 2
2436  112 4 3.75 3.75 18 2
2436  154 12 3.75 3.75 22 2
2436  42 19 3.75 3.75 26 3
2436  161 5 3.75 3.75 30 2
2436  158 14 3.75 3.75 34 2
2436  206 5 3.75 3.75 38 2
2436  98 5 3.75 3.75 42 2
2436  117 5 3.75 3.75 46 2
2436  78 5 3.75 3.75 50 2
2436  188 4 3.75 3.75 54 2
2436  163 20 3.75 3.75 58 3
2436  156 4 3.75 3.75 62 2
2436  57 18 3.75 3.75 66 2
2466  178 1 3.75 3.75 6 2
2466  162 7 3.75 3.75 10 3
2466  97 3 3.75 3.75 14 2
2466  92 2 3.75 3.75 18 3
2466  109 3 3.75 3.75 22 2
2466  160 16 3.75 3.75 26 2
2466  135 10 3.75 3.75 30 2
2466  197 12 3.75 3.75 34 3
2466  85 4 3.75 3.75 38 2
2466  87 11 3.75 3.75 42 2
2466  205 7 3.75 3.75 46 2
2466  164 1 3.75 3.75 50 2
2466  63 10 3.75 3.75 54 2
2466  50 5 3.75 3.75 58 2
2466  204 15 3.75 3.75 62 2
2466  82 10 3.75 3.75 66 2
2496  193 12 3.75 3.75 6 5
2496  106 8 3.75 3.75 10 2
2496  90 9 3.75 3.75 14 3
2496  83 17 3.75 3.75 18 2
2496  47 7 3.75 3.75 22 2
2496  150 20 3.75 3.75 26 2
2496  95 10 3.75 3.75 30 2
2496  179 4 3.75 3.75 34 2
2496  176 18 3.75 3.75 38 2
2496  54 15 3.75 3.75 42 3
2496  84 13 3.75 3.75 46 2
2496  67 6 3.75 3.75 50 3
2496  145 6 3.75 3.75 54 2
2496  108 18 3.75 3.75 58 2
2496  177 10 3.75 3.75 62 2
2496  142 5 3.75 3.75 66 2
2526  105 6 3.75 3.75 6 3
2526  128 6 3.75 3.75 10 2
2526  166 18 3.75 3.75 14 2
2526  191 11 3.75 3.75 18 2
2526  44 2 3.75 3.75 22 2
2526  181 5 3.75 3.75 26 2
2526  139 17 3.75 3.75 30 2
2526  143 15 3.75 3.75 34 3
2526  62 14 3.75 3.75 38 2
2526  180 13 3.75 3.75 42 2
2526  75 4 3.75 3.75 46 2
2526  71 9 3.75 3.75 50 2
2526  173 20 3.75 3.75 54 2
2526  170 17 3.75 3.75 58 2
2526  157 14 3.75 3.75 62 2
2526  68 5 3.75 3.75 66 2
2556  146 8 3.75 3.75 6 2
2556  45 20 3.75 3.75 10 2
2556  99 10 3.75 3.75 14 2
2556  91 19 3.75 3.75 18 2
2556  86 15 3.75 3.75 22 2
2556  138 18 3.75 3.75 26 2
2556  174 3 3.75 3.75 30 3
2556  60 11 3.75 3.75 34 3
2556  136 16 3.75 3.75 38 3
2556  69 15 3.75 3.75 42 2
2556  196 19 3.75 3.75 46 2
2556  192 14 3.75 3.75 50 2
2556  149 4 3.75 3.75 54 1
2556  115 18 3.75 3.75 58 2
2556  130 12 3.75 3.75 62 2
2556  61 6 3.75 3.75 66 2
2586  131 3 3.75 3.75 6 2
2586  172 1 3.75 3.75 10 3
2586  104 11 3.75 3.75 14 2
2586  129 13 3.75 3.75 18 2
2586  125 14 3.75 3.75 22 2
2586  76 16 3.75 3.75 26 2
2586  201 10 3.75 3.75 30 2
2586  118 4 3.75 3.75 34 2
2586  110 9 3.75 3.75 38 2
2586  59 12 3.75 3.75 42 2
2586  123 1 3.75 3.75 46 2
2586  122 16 3.75 3.75 50 2
2586  74 7 3.75 3.75 54 3
2586  133 9 3.75 3.75 58 3
2586  103 5 3.75 3.75 62 2
2586  185 20 3.75 3.75 66 3
2616  200 16 3.75 3.75 6 3
2616  171 1 3.75 3.75 10 3
2616  212 13 3.75 3.75 14 2
2616  189 10 3.75 3.75 18 2
2616  175 2 3.75 3.75 22 2
2616  159 16 3.75 3.75 26 2
2616  207 1 3.75 3.75 30 2
2616  194 17 3.75 3.75 34 3
2616  80 17 3.75 3.75 38 5
2616  119 6 3.75 3.75 42 3
2616  101 6 3.75 3.75 46 2
2616  203 9 3.75 3.75 50 2
2616  187 13 3.75 3.75 54 2
2616  216 11 3.75 3.75 58 2
2616  167 12 3.75 3.75 62 2
2616  134 12 3.75 3.75 66 2
2646  211 16 3.75 3.75 6 2
2646  107 20 3.75 3.75 10 3
2646  64 1 3.75 3.75 14 2
2646  124 10 3.75 3.75 18 2
2646  94 8 3.75 3.75 22 2
2646  53 6 3.75 3.75 26 2
2646  151 19 3.75 3.75 30 2
2646  127 20 3.75 3.75 34 5
2646  72 14 3.75 3.75 38 2
2646  66 17 3.75 3.75 42 2
2646  43 8 3.75 3.75 46 2
2646  147 7 3.75 3.75 50 2
2646  155 11 3.75 3.75 54 2
2646  56 7 3.75 3.75 58 2
2646  168 19 3.75 3.75 62 4
2646  41 2 3.75 3.75 66 2
2676  213 8 3.75 3.75 6 3
2676  148 14 3.75 3.75 10 2
2676  81 19 3.75 3.75 14 6
2676  79 20 3.75 3.75 18 2
2676  70 15 3.75 3.75 22 2
2676  215 15 3.75 3.75 26 2
2676  121 9 3.75 3.75 30 3
2676  184 17 3.75 3.75 34 2
2676  114 2 3.75 3.75 38 3
2676  113 3 3.75 3.75 42 2
2676  214 3 3.75 3.75 46 3
2676  210 6 3.75 3.75 50 2
2676  77 18 3.75 3.75 54 2
2676  183 18 3.75 3.75 58 2
2676  89 20 3.75 3.75 62 2
2676  46 17 3.75 3.75 66 2
2706  165 3 3.75 3.75 6 2
2706  96 1 3.75 3.75 10 2
2706  209 8 3.75 3.75 14 2
2706  186 7 3.75 3.75 18 2
2706  208 11 3.75 3.75 22 2
2706  132 8 3.75 3.75 26 2
2706  48 2 3.75 3.75 30 3
2706  190 16 3.75 3.75 34 2
2706  141 17 3.75 3.75 38 2
2706  88 9 3.75 3.75 42 2
2706  58 12 3.75 3.75 46 2
2706  126 13 3.75 3.75 50 2
2706  137 13 3.75 3.75 54 2
2706  144 4 3.75 3.75 58 2
2706  140 18 3.75 3.75 62 2
2706  51 4 3.75 3.75 66 2
2736  188 5 3.75 3.75 6 2
2736  156 5 3.75 3.75 10 1
2736  57 5 3.75 3.75 14 2
2736  169 5 3.75 3.75 18 2
2736  111 14 3.75 3.75 22 2
2736  93 5 3.75 3.75 26 2
2736  202 7 3.75 3.75 30 2
2736  195 8 3.75 3.75 34 2
2736  198 12 3.75 3.75 38 3
2736  152 4 3.75 3.75 42 2
2736  116 20 3.75 3.75 46 2
2736  73 9 3.75 3.75 50 1
2736  102 19 3.75 3.75 54 2
2736  52 7 3.75 3.75 58 2
2736  153 15 3.75 3.75 62 2
2736  49 10 3.75 3.75 66 2
2766  204 1 3.75 3.75 6 2
2766  82 5 3.75 3.75 10 2
2766  182 10 3.75 3.75 14 2
2766  120 7 3.75 3.75 18 3
2766  42 11 3.75 3.75 22 3
2766  163 4 3.75 3.75 26 2
2766  112 13 3.75 3.75 30 2
2766  154 10 3.75 3.75 34 2
2766  199 16 3.75 3.75 38 3
2766  55 3 3.75 3.75 42 3
2766  161 1 3.75 3.75 46 2
2766  158 3 3.75 3.75 50 3
2766  206 11 3.75 3.75 54 3
2766  98 5 3.75 3.75 58 2
2766  117 12 3.75 3.75 62 2
2766  78 10 3.75 3.75 66 3
2796  197 18 3.75 3.75 6 2
2796  177 6 3.75 3.75 10 2
2796  142 13 3.75 3.75 14 2
2796  178 18 3.75 3.75 18 2
2796  100 4 3.75 3.75 22 2
2796  97 2 3.75 3.75 26 2
2796  109 20 3.75 3.75 30 5
2796  160 7 3.75 3.75 34 2
2796  135 10 3.75 3.75 38 2
2796  65 6 3.75 3.75 42 2
2796  85 7 3.75 3.75 46 2
2796  87 17 3.75 3.75 50 2
2796  205 15 3.75 3.75 54 2
2796  164 8 3.75 3.75 58 2
2796  63 5 3.75 3.75 62 2
2796  50 14 3.75 3.75 66 2
2826  157 17 3.75 3.75 6 3
2826  68 20 3.75 3.75 10 3
2826  106 9 3.75 3.75 14 2
2826  54 4 3.75 3.75 18 2
2826  83 13 3.75 3.75 22 2
2826  67 9 3.75 3.75 26 2
2826  47 14 3.75 3.75 30 3
2826  162 17 3.75 3.75 34 2
2826  150 5 3.75 3.75 38 2
2826  95 2 3.75 3.75 42 2
2826  179 11 3.75 3.75 46 2
2826  92 15 3.75 3.75 50 2
2826  176 18 3.75 3.75 54 2
2826  84 6 3.75 3.75 58 2
2826  145 12 3.75 3.75 62 3
2826  108 6 3.75 3.75 66 3
2856  105 4 3.75 3.75 6 2
2856  193 6 3.75 3.75 10 2
2856  128 12 3.75 3.75 14 4
2856  166 14 3.75 3.75 18 2
2856  143 18 3.75 3.75 22 2
2856  191 19 3.75 3.75 26 2
2856  44 15 3.75 3.75 30 2
2856  181 18 3.75 3.75 34 2
2856  139 15 3.75 3.75 38 2
2856  62 19 3.75 3.75 42 2
2856  90 10 3.75 3.75 46 2
2856  180 8 3.75 3.75 50 2
2856  75 20 3.75 3.75 54 2
2856  71 16 3.75 3.75 58 2
2856  173 5 3.75 3.75 62 2
2856  170 16 3.75 3.75 66 2
2886  122 1 3.75 3.75 6 2
2886  136 9 3.75 3.75 10 2
2886  103 12 3.75 3.75 14 2
2886  146 4 3.75 3.75 18 2
2886  45 3 3.75 3.75 22 2
2886  99 11 3.75 3.75 26 3
2886  91 10 3.75 3.75 30 2
2886  86 14 3.75 3.75 34 2
2886  138 16 3.75 3.75 38 2
2886  69 13 3.75 3.75 42 3
2886  196 11 3.75 3.75 46 2
2886  192 3 3.75 3.75 50 2
2886  115 12 3.75 3.75 54 2
2886  130 20 3.75 3.75 58 2
2886  61 12 3.75 3.75 62 2
2886  149 11 3.75 3.75 66 2
2916  216 9 3.75 3.75 6 2
2916  185 13 3.75 3.75 10 2
2916  167 9 3.75 3.75 14 2
2916  134 7 3.75 3.75 18 2
2916  131 6 3.75 3.75 22 2
2916  104 1 3.75 3.75 26 2
2916  129 2 3.75 3.75 30 2
2916  125 16 3.75 3.75 34 2
2916  76 13 3.75 3.75 38 2
2916  201 10 3.75 3.75 42 3
2916  174 2 3.75 3.75 46 7
2916  60 7 3.75 3.75 50 2
2916  118 11 3.75 3.75 54 2
2916  110 1 3.75 3.75 58 3
2916  59 7 3.75 3.75 62 2
2916  123 19 3.75 3.75 66 3
2946  151 14 3.75 3.75 6 2
2946  172 17 3.75 3.75 10 3
2946  147 8 3.75 3.75 14 3
2946  155 6 3.75 3.75 18 2
2946  56 8 3.75 3.75 22 2
2946  41 10 3.75 3.75 26 3
2946  212 6 3.75 3.75 30 2
2946  189 17 3.75 3.75 34 2
2946  175 16 3.75 3.75 38 2
2946  159 1 3.75 3.75 42 2
2946  207 18 3.75 3.75 46 2
2946  101 16 3.75 3.75 50 2
2946  203 1 3.75 3.75 54 2
2946  74 17 3.75 3.75 58 2
2946  187 20 3.75 3.75 62 2
2946  133 18 3.75 3.75 66 4
2976  77 6 3.75 3.75 6 2
2976  200 3 3.75 3.75 10 2
2976  183 17 3.75 3.75 14 2
2976  171 15 3.75 3.75 18 2
2976  89 14 3.75 3.75 22 3
2976  46 20 3.75 3.75 26 3
2976  211 15 3.75 3.75 30 2
2976  64 20 3.75 3.75 34 2
2976  194 4 3.75 3.75 38 1
2976  124 18 3.75 3.75 42 2
2976  119 19 3.75 3.75 46 2
2976  94 4 3.75 3.75 50 4
2976  53 3 3.75 3.75 54 2
2976  72 13 3.75 3.75 58 6
2976  66 2 3.75 3.75 62 2
2976  43 9 3.75 3.75 66 2
3006  121 13 3.75 3.75 6 2
3006  137 12 3.75 3.75 10 3
3006  114 17 3.75 3.75 14 3
3006  214 9 3.75 3.75 18 2
3006  144 8 3.75 3.75 22 2
3006  168 16 3.75 3.75 26 2
3006  140 17 3.75 3.75 30 3
3006  51 8 3.75 3.75 34 3
3006  107 11 3.75 3.75 38 2
3006  148 9 3.75 3.75 42 2
3006  79 7 3.75 3.75 46 2
3006  70 20 3.75 3.75 50 2
3006  215 8 3.75 3.75 54 2
3006  184 1 3.75 3.75 58 3
3006  113 3 3.75 3.75 62 2
3006  210 10 3.75 3.75 66 3
3036  49 15 3.75 3.75 6 2
3036  165 2 3.75 3.75 10 2
3036  96 7 3.75 3.75 14 3
3036  209 5 3.75 3.75 18 2
3036  186 19 3.75 3.75 22 2
3036  127 20 3.75 3.75 26 3
3036  73 4 3.75 3.75 30 2
3036  208 7 3.75 3.75 34 2
3036  132 8 3.75 3.75 38 2
3036  80 5 3.75 3.75 42 2
3036  213 14 3.75 3.75 46 2
3036  190 5 3.75 3.75 50 2
3036  141 5 3.75 3.75 54 3
3036  88 5 3.75 3.75 58 2
3036  58 12 3.75 3.75 62 2
3036  126 5 3.75 3.75 66 2
3066  98 1 3.75 3.75 6 2
3066  117 19 3.75 3.75 10 2
3066  188 12 3.75 3.75 14 2
3066  57 10 3.75 3.75 18 2
3066  169 13 3.75 3.75 22 2
3066  111 4 3.75 3.75 26 2
3066  93 10 3.75 3.75 30 2
3066  202 11 3.75 3.75 34 2
3066  195 3 3.75 3.75 38 2
3066  152 3 3.75 3.75 42 3
3066  116 10 3.75 3.75 46 3
3066  102 16 3.75 3.75 50 2
3066  156 1 3.75 3.75 54 2
3066  52 5 3.75 3.75 58 2
3066  48 14 3.75 3.75 62 2
3066  153 5 3.75 3.75 66 2
3096  63 8 3.75 3.75 6 2
3096  50 15 3.75 3.75 10 2
3096  204 17 3.75 3.75 14 2
3096  82 7 3.75 3.75 18 2
3096  199 11 3.75 3.75 22 2
3096  182 7 3.75 3.75 26 2
3096  55 6 3.75 3.75 30 2
3096  158 7 3.75 3.75 34 3
3096  206 10 3.75 3.75 38 2
3096  78 18 3.75 3.75 42 3
3096  163 2 3.75 3.75 46 2
3096  112 4 3.75 3.75 50 3
3096  154 13 3.75 3.75 54 2
3096  198 18 3.75 3.75 58 3
3096  161 6 3.75 3.75 62 3
3096  81 6 3.75 3.75 66 2
3126  84 18 3.75 3.75 6 2
3126  197 11 3.75 3.75 10 3
3126  177 15 3.75 3.75 14 2
3126  142 17 3.75 3.75 18 2
3126  178 2 3.75 3.75 22 2
3126  100 5 3.75 3.75 26 3
3126  97 6 3.75 3.75 30 2
3126  160 12 3.75 3.75 34 2
3126  135 9 3.75 3.75 38 2
3126  65 13 3.75 3.75 42 2
3126  120 4 3.75 3.75 46 2
3126  42 9 3.75 3.75 50 2
3126  85 16 3.75 3.75 54 6
3126  87 5 3.75 3.75 58 3
3126  205 14 3.75 3.75 62 2
3126  164 16 3.75 3.75 66 3
3156  71 20 3.75 3.75 6 2
3156  47 8 3.75 3.75 10 2
3156  173 20 3.75 3.75 14 2
3156  170 10 3.75 3.75 18 2
3156  106 19 3.75 3.75 22 2
3156  54 15 3.75 3.75 26 2
3156  83 17 3.75 3.75 30 3
3156  67 20 3.75 3.75 34 2
3156  145 18 3.75 3.75 38 2
3156  108 15 3.75 3.75 42 2
3156  162 19 3.75 3.75 46 2
3156  150 18 3.75 3.75 50 2
3156  95 14 3.75 3.75 54 2
3156  179 6 3.75 3.75 58 2
3156  92 4 3.75 3.75 62 1
3156  176 12 3.75 3.75 66 3
3186  128 11 3.75 3.75 6 2
3186  105 12 3.75 3.75 10 2
3186  193 20 3.75 3.75 14 2
3186  166 3 3.75 3.75 18 2
3186  143 12 3.75 3.75 22 2
3186  191 11 3.75 3.75 26 2
3186  44 16 3.75 3.75 30 2
3186  181 14 3.75 3.75 34 2
3186  157 10 3.75 3.75 38 2
3186  139 13 3.75 3.75 42 2
3186  68 3 3.75 3.75 46 2
3186  62 4 3.75 3.75 50 2
3186  90 9 3.75 3.75 54 2
3186  180 12 3.75 3.75 58 2
3186  109 1 3.75 3.75 62 2
3186  75 7 3.75 3.75 66 3
3216  59 11 3.75 3.75 6 3
3216  122 7 3.75 3.75 10 2
3216  136 16 3.75 3.75 14 3
3216  103 2 3.75 3.75 18 2
3216  146 11 3.75 3.75 22 2
3216  69 13 3.75 3.75 26 2
3216  45 1 3.75 3.75 30 3
3216  91 6 3.75 3.75 34 2
3216  86 7 3.75 3.75 38 2
3216  138 13 3.75 3.75 42 2
3216  196 9 3.75 3.75 46 2
3216  192 9 3.75 3.75 50 3
3216  115 20 3.75 3.75 54 2
3216  130 19 3.75 3.75 58 2
3216  61 17 3.75 3.75 62 2
3216  149 1 3.75 3.75 66 2
3246  203 1 3.75 3.75 6 3
3246  123 16 3.75 3.75 10 2
3246  74 18 3.75 3.75 14 2
3246  187 4 3.75 3.75 18 2
3246  216 1 3.75 3.75 22 2
3246  185 16 3.75 3.75 26 3
3246  167 6 3.75 3.75 30 2
3246  134 17 3.75 3.75 34 3
3246  131 10 3.75 3.75 38 2
3246  104 6 3.75 3.75 42 2
3246  129 8 3.75 3.75 46 3
3246  125 9 3.75 3.75 50 2
3246  99 2 3.75 3.75 54 2
3246  76 14 3.75 3.75 58 1
3246  60 3 3.75 3.75 62 2
3246  118 18 3.75 3.75 66 4
3276  124 19 3.75 3.75 6 2
3276  53 20 3.75 3.75 10 3
3276  151 15 3.75 3.75 14 2
3276  66 15 3.75 3.75 18 2
3276  43 10 3.75 3.75 22 2
3276  155 3 3.75 3.75 26 2
3276  56 17 3.75 3.75 30 2
3276  212 17 3.75 3.75 34 3
3276  201 8 3.75 3.75 38 2
3276  189 6 3.75 3.75 42 2
3276  175 3 3.75 3.75 46 3
3276  159 8 3.75 3.75 50 2
3276  207 18 3.75 3.75 54 2
3276  194 20 3.75 3.75 58 2
3276  110 7 3.75 3.75 62 3
3276  101 9 3.75 3.75 66 2
3306  148 11 3.75 3.75 6 3
3306  79 20 3.75 3.75 10 2
3306  70 14 3.75 3.75 14 2
3306  215 16 3.75 3.75 18 3
3306  133 8 3.75 3.75 22 2
3306  113 10 3.75 3.75 26 2
3306  172 9 3.75 3.75 30 2
3306  147 1 3.75 3.75 34 2
3306  77 4 3.75 3.75 38 1
3306  200 5 3.75 3.75 42 2
3306  183 13 3.75 3.75 46 2
3306  171 12 3.75 3.75 50 2
3306  41 5 3.75 3.75 54 5
3306  211 14 3.75 3.75 58 2
3306  64 5 3.75 3.75 62 2
3306  119 5 3.75 3.75 66 2
3336  80 17 3.75 3.75 6 3
3336  213 8 3.75 3.75 10 3
3336  190 7 3.75 3.75 14 2
3336  88 8 3.75 3.75 18 2
3336  58 4 3.75 3.75 22 3
3336  126 5 3.75 3.75 26 2
3336  121 19 3.75 3.75 30 2
3336  184 17 3.75 3.75 34 2
3336  94 12 3.75 3.75 38 3
3336  214 2 3.75 3.75 42 2
3336  210 5 3.75 3.75 46 2
3336  144 15 3.75 3.75 50 3
3336  168 2 3.75 3.75 54 2
3336  89 5 3.75 3.75 58 2
3336  46 5 3.75 3.75 62 3
3336  107 1 3.75 3.75 66 2
3366  156 14 3.75 3.75 6 2
3366  52 16 3.75 3.75 10 3
3366  153 13 3.75 3.75 14 2
3366  174 20 3.75 3.75 18 3
3366  49 7 3.75 3.75 22 3
3366  165 11 3.75 3.75 26 2
3366  141 3 3.75 3.75 30 2
3366  137 4 3.75 3.75 34 2
3366  114 13 3.75 3.75 38 2
3366  209 10 3.75 3.75 42 2
3366  186 10 3.75 3.75 46 4
3366  73 12 3.75 3.75 50 3
3366  208 19 3.75 3.75 54 2
3366  132 3 3.75 3.75 58 2
3366  140 1 3.75 3.75 62 2
3366  51 10 3.75 3.75 66 9
3396  152 6 3.75 3.75 6 2
3396  116 13 3.75 3.75 10 3
3396  98 2 3.75 3.75 14 1
3396  117 10 3.75 3.75 18 2
3396  188 6 3.75 3.75 22 2
3396  57 6 3.75 3.75 26 2
3396  169 18 3.75 3.75 30 2
3396  111 7 3.75 3.75 34 2
3396  93 11 3.75 3.75 38 3
3396  202 17 3.75 3.75 42 2
3396  195 7 3.75 3.75 46 3
3396  96 8 3.75 3.75 50 2
3396  127 15 3.75 3.75 54 2
3396  72 4 3.75 3.75 58 2
3396  102 14 3.75 3.75 62 2
3396  48 18 3.75 3.75 66 3
3426  205 7 3.75 3.75 6 2
3426  78 4 3.75 3.75 10 2
3426  112 9 3.75 3.75 14 2
3426  63 13 3.75 3.75 18 2
3426  50 12 3.75 3.75 22 2
3426  204 9 3.75 3.75 26 3
3426  82 16 3.75 3.75 30 2
3426  199 4 3.75 3.75 34 3
3426  182 2 3.75 3.75 38 2
3426  198 5 3.75 3.75 42 2
3426  55 6 3.75 3.75 46 2
3426  161 17 3.75 3.75 50 2
3426  206 15 3.75 3.75 54 2
3426  163 18 3.75 3.75 58 3
3426  154 6 3.75 3.75 62 1
3426  81 14 3.75 3.75 66 3
3456  95 18 3.75 3.75 6 3
3456  179 5 3.75 3.75 10 2
3456  84 19 3.75 3.75 14 2
3456  177 11 3.75 3.75 18 2
3456  142 18 3.75 3.75 22 2
3456  178 15 3.75 3.75 26 2
3456  97 20 3.75 3.75 30 2
3456  87 15 3.75 3.75 34 2
3456  92 12 3.75 3.75 38 2
3456  164 19 3.75 3.75 42 1
3456  160 10 3.75 3.75 46 3
3456  135 20 3.75 3.75 50 3
3456  65 8 3.75 3.75 54 2
3456  120 17 3.75 3.75 58 2
3456  42 20 3.75 3.75 62 3
3456  158 12 3.75 3.75 66 2
3486  180 1 3.75 3.75 6 2
3486  71 9 3.75 3.75 10 2
3486  83 4 3.75 3.75 14 2
3486  47 3 3.75 3.75 18 2
3486  173 16 3.75 3.75 22 3
3486  170 13 3.75 3.75 26 2
3486  176 10 3.75 3.75 30 1
3486  106 14 3.75 3.75 34 2
3486  54 11 3.75 3.75 38 1
3486  67 16 3.75 3.75 42 2
3486  145 7 3.75 3.75 46 1
3486  108 12 3.75 3.75 50 2
3486  197 3 3.75 3.75 54 2
3486  162 20 3.75 3.75 58 2
3486  150 12 3.75 3.75 62 2
3486  100 11 3.75 3.75 66 2
3516  128 1 3.75 3.75 6 2
3516  105 17 3.75 3.75 10 3
3516  193 19 3.75 3.75 14 2
3516  166 20 3.75 3.75 18 2
3516  143 9 3.75 3.75 22 4
3516  75 9 3.75 3.75 26 2
3516  191 13 3.75 3.75 30 2
3516  44 7 3.75 3.75 34 3
3516  181 6 3.75 3.75 38 2
3516  157 14 3.75 3.75 42 2
3516  139 11 3.75 3.75 46 3
3516  85 13 3.75 3.75 50 3
3516  68 2 3.75 3.75 54 3
3516  62 7 3.75 3.75 58 2
3516  90 3 3.75 3.75 62 2
3516  109 2 3.75 3.75 66 3
3546  99 9 3.75 3.75 6 2
3546  60 6 3.75 3.75 10 2
3546  122 1 3.75 3.75 14 6
3546  103 10 3.75 3.75 18 2
3546  146 6 3.75 3.75 22 2
3546  69 1 3.75 3.75 26 2
3546  76 4 3.75 3.75 30 2
3546  91 16 3.75 3.75 34 2
3546  86 18 3.75 3.75 38 2
3546  192 16 3.75 3.75 42 2
3546  138 9 3.75 3.75 46 3
3546  196 11 3.75 3.75 50 2
3546  115 18 3.75 3.75 54 3
3546  130 20 3.75 3.75 58 2
3546  61 8 3.75 3.75 62 2
3546  149 6 3.75 3.75 66 2
3576  201 8 3.75 3.75 6 2
3576  189 3 3.75 3.75 10 2
3576  207 8 3.75 3.75 14 2
3576  194 17 3.75 3.75 18 3
3576  101 4 3.75 3.75 22 2
3576  59 15 3.75 3.75 26 2
3576  123 17 3.75 3.75 30 2
3576  74 10 3.75 3.75 34 2
3576  187 15 3.75 3.75 38 2
3576  136 16 3.75 3.75 42 2
3576  216 1 3.75 3.75 46 2
3576  167 19 3.75 3.75 50 2
3576  131 7 3.75 3.75 54 3
3576  104 5 3.75 3.75 58 2
3576  45 18 3.75 3.75 62 3
3576  125 14 3.75 3.75 66 2
